0, 0
0, 1
0, 2
1, 0
1, 1
1, 2
1, 4
1, 5
10, 10
10, 11
10, 12
10, 13
10, 14
10, 15
10, 17
10, 18
10, 19
10, 35
10, 36
10, 37
10, 38
10, 39
100, 100
100, 101
100, 102
100, 103
100, 104
100, 105
100, 106
100, 107
100, 108
100, 109
100, 110
100, 111
100, 112
100, 113
100, 114
100, 115
100, 116
100, 117
100, 118
100, 119
100, 120
100, 121
100, 122
100, 123
100, 124
100, 125
100, 290
100, 291
100, 292
100, 293
100, 296
100, 297
100, 298
100, 299
100, 300
100, 301
100, 304
100, 305
100, 306
100, 307
100, 308
100, 309
100, 86
100, 87
100, 88
100, 89
100, 90
100, 91
100, 92
100, 93
100, 94
100, 95
100, 96
100, 97
100, 98
100, 99
101, 100
101, 101
101, 102
101, 103
101, 104
101, 105
101, 106
101, 107
101, 108
101, 109
101, 110
101, 111
101, 112
101, 113
101, 114
101, 115
101, 116
101, 117
101, 118
101, 119
101, 120
101, 121
101, 122
101, 123
101, 124
101, 125
101, 290
101, 291
101, 292
101, 293
101, 296
101, 297
101, 298
101, 299
101, 300
101, 301
101, 304
101, 305
101, 306
101, 307
101, 308
101, 309
101, 86
101, 87
101, 88
101, 89
101, 90
101, 91
101, 92
101, 93
101, 94
101, 95
101, 96
101, 97
101, 98
101, 99
102, 100
102, 101
102, 102
102, 103
102, 104
102, 105
102, 106
102, 107
102, 108
102, 109
102, 110
102, 111
102, 112
102, 113
102, 114
102, 115
102, 116
102, 117
102, 118
102, 119
102, 120
102, 121
102, 122
102, 123
102, 124
102, 125
102, 286
102, 287
102, 292
102, 293
102, 294
102, 295
102, 300
102, 301
102, 308
102, 309
102, 86
102, 87
102, 88
102, 89
102, 90
102, 91
102, 92
102, 93
102, 94
102, 95
102, 96
102, 97
102, 98
102, 99
103, 100
103, 101
103, 102
103, 103
103, 104
103, 105
103, 106
103, 107
103, 108
103, 109
103, 110
103, 111
103, 112
103, 113
103, 114
103, 115
103, 116
103, 117
103, 118
103, 119
103, 120
103, 121
103, 122
103, 123
103, 124
103, 125
103, 286
103, 287
103, 292
103, 293
103, 294
103, 295
103, 300
103, 301
103, 86
103, 87
103, 88
103, 89
103, 90
103, 91
103, 92
103, 93
103, 94
103, 95
103, 96
103, 97
103, 98
103, 99
104, 100
104, 101
104, 102
104, 103
104, 104
104, 105
104, 106
104, 107
104, 108
104, 109
104, 110
104, 111
104, 112
104, 113
104, 114
104, 115
104, 116
104, 117
104, 118
104, 119
104, 120
104, 121
104, 122
104, 123
104, 124
104, 125
104, 304
104, 305
104, 306
104, 307
104, 90
104, 91
104, 92
104, 93
104, 94
104, 95
104, 96
104, 97
104, 98
104, 99
105, 100
105, 101
105, 102
105, 103
105, 104
105, 105
105, 106
105, 107
105, 108
105, 109
105, 110
105, 111
105, 112
105, 113
105, 114
105, 115
105, 116
105, 117
105, 118
105, 119
105, 120
105, 121
105, 122
105, 123
105, 124
105, 125
105, 304
105, 305
105, 306
105, 307
105, 90
105, 91
105, 92
105, 93
105, 94
105, 95
105, 96
105, 97
105, 98
105, 99
106, 100
106, 101
106, 102
106, 103
106, 104
106, 105
106, 106
106, 107
106, 108
106, 109
106, 110
106, 111
106, 300
106, 301
106, 304
106, 305
106, 308
106, 309
106, 96
106, 97
106, 98
106, 99
107, 100
107, 101
107, 102
107, 103
107, 104
107, 105
107, 106
107, 107
107, 108
107, 109
107, 110
107, 111
107, 300
107, 301
107, 304
107, 305
107, 308
107, 309
107, 96
107, 97
107, 98
107, 99
108, 100
108, 101
108, 102
108, 103
108, 104
108, 105
108, 106
108, 107
108, 108
108, 109
108, 110
108, 111
108, 296
108, 297
108, 302
108, 303
108, 306
108, 307
108, 310
108, 311
108, 96
108, 97
108, 98
108, 99
109, 100
109, 101
109, 102
109, 103
109, 104
109, 105
109, 106
109, 107
109, 108
109, 109
109, 110
109, 111
109, 296
109, 297
109, 302
109, 303
109, 306
109, 307
109, 310
109, 311
109, 96
109, 97
109, 98
109, 99
11, 10
11, 11
11, 12
11, 13
11, 14
11, 15
11, 17
11, 18
11, 19
11, 36
11, 37
11, 38
11, 39
11, 40
110, 102
110, 103
110, 106
110, 107
110, 108
110, 109
110, 110
110, 111
110, 302
110, 303
110, 308
110, 309
110, 310
110, 311
111, 102
111, 103
111, 106
111, 107
111, 108
111, 109
111, 110
111, 111
111, 302
111, 303
111, 308
111, 309
111, 310
111, 311
112, 108
112, 109
112, 110
112, 111
113, 108
113, 109
113, 110
113, 111
114, 108
114, 109
114, 110
114, 111
114, 308
114, 309
115, 108
115, 109
115, 110
115, 111
115, 308
115, 309
116, 300
116, 301
116, 302
116, 303
117, 300
117, 301
117, 302
117, 303
118, 110
118, 111
118, 300
118, 301
118, 302
118, 303
119, 110
119, 111
119, 300
119, 301
119, 302
119, 303
12, 10
12, 11
12, 12
12, 13
12, 14
12, 15
12, 35
12, 36
12, 37
12, 38
12, 39
120, 300
120, 301
120, 302
120, 303
121, 300
121, 301
121, 302
121, 303
122, 300
122, 301
122, 302
122, 303
123, 300
123, 301
123, 302
123, 303
124, 280
124, 281
124, 282
124, 283
124, 292
124, 293
124, 294
124, 295
124, 300
124, 301
124, 302
124, 303
125, 280
125, 281
125, 282
125, 283
125, 293
125, 294
125, 295
125, 296
125, 297
125, 300
125, 301
125, 302
125, 303
126, 280
126, 281
126, 282
126, 283
126, 293
126, 294
126, 295
126, 296
126, 297
126, 300
126, 301
126, 302
126, 303
127, 280
127, 281
127, 282
127, 283
127, 292
127, 293
127, 294
127, 295
127, 300
127, 301
127, 302
127, 303
128, 196
128, 197
128, 198
128, 199
128, 200
128, 201
128, 202
128, 203
128, 309
128, 310
128, 311
129, 196
129, 197
129, 198
129, 199
129, 200
129, 201
129, 202
129, 203
129, 309
129, 310
129, 311
13, 11
13, 12
13, 13
13, 14
13, 15
13, 37
13, 38
130, 196
130, 197
130, 198
130, 199
130, 200
130, 201
130, 202
130, 203
130, 309
130, 310
130, 311
131, 196
131, 197
131, 198
131, 199
131, 200
131, 201
131, 202
131, 203
131, 283
132, 192
132, 193
132, 194
132, 195
132, 196
132, 197
132, 198
132, 199
132, 200
132, 201
132, 202
132, 203
132, 204
132, 205
132, 206
132, 207
132, 284
132, 285
132, 286
132, 287
132, 288
132, 289
132, 290
132, 291
132, 292
132, 293
132, 294
132, 295
132, 301
132, 302
133, 192
133, 193
133, 194
133, 195
133, 196
133, 197
133, 198
133, 199
133, 200
133, 201
133, 202
133, 203
133, 204
133, 205
133, 206
133, 207
133, 284
133, 285
133, 289
133, 290
133, 291
133, 295
133, 300
133, 301
133, 302
133, 303
134, 192
134, 193
134, 194
134, 195
134, 196
134, 197
134, 198
134, 199
134, 200
134, 201
134, 202
134, 203
134, 204
134, 205
134, 206
134, 207
134, 284
134, 285
134, 289
134, 290
134, 291
134, 295
134, 300
134, 301
134, 302
134, 303
135, 192
135, 193
135, 194
135, 195
135, 196
135, 197
135, 198
135, 199
135, 200
135, 201
135, 202
135, 203
135, 204
135, 205
135, 206
135, 207
135, 284
135, 285
135, 286
135, 287
135, 288
135, 289
135, 290
135, 291
135, 292
135, 293
135, 294
135, 295
135, 301
135, 302
136, 192
136, 193
136, 194
136, 195
136, 196
136, 197
136, 198
136, 199
136, 200
136, 201
136, 202
136, 203
136, 204
136, 205
136, 206
136, 207
136, 286
136, 301
136, 302
136, 303
136, 308
136, 309
136, 310
136, 311
137, 192
137, 193
137, 194
137, 195
137, 196
137, 197
137, 198
137, 199
137, 200
137, 201
137, 202
137, 203
137, 204
137, 205
137, 206
137, 207
137, 301
137, 302
137, 303
137, 308
137, 309
137, 310
137, 311
138, 192
138, 193
138, 194
138, 195
138, 196
138, 197
138, 198
138, 199
138, 200
138, 201
138, 202
138, 203
138, 204
138, 205
138, 206
138, 207
138, 300
138, 301
138, 302
138, 303
138, 308
138, 309
138, 310
138, 311
139, 192
139, 193
139, 194
139, 195
139, 196
139, 197
139, 198
139, 199
139, 200
139, 201
139, 202
139, 203
139, 204
139, 205
139, 206
139, 207
139, 301
139, 302
139, 303
139, 308
139, 309
139, 310
139, 311
14, 13
14, 37
14, 38
140, 192
140, 193
140, 194
140, 195
140, 196
140, 197
140, 198
140, 199
140, 200
140, 201
140, 202
140, 203
140, 204
140, 205
140, 206
140, 207
140, 208
140, 209
140, 210
140, 211
140, 292
140, 293
140, 294
140, 301
140, 302
140, 303
140, 80
140, 81
140, 82
140, 83
141, 192
141, 193
141, 194
141, 195
141, 196
141, 197
141, 198
141, 199
141, 200
141, 201
141, 202
141, 203
141, 204
141, 205
141, 206
141, 207
141, 208
141, 209
141, 210
141, 211
141, 292
141, 293
141, 294
141, 296
141, 297
141, 301
141, 302
141, 303
141, 80
141, 81
141, 82
141, 83
142, 192
142, 193
142, 194
142, 195
142, 196
142, 197
142, 198
142, 199
142, 200
142, 201
142, 202
142, 203
142, 204
142, 205
142, 206
142, 207
142, 208
142, 209
142, 210
142, 211
142, 292
142, 293
142, 294
142, 297
142, 301
142, 302
142, 303
142, 80
142, 81
142, 82
142, 83
143, 192
143, 193
143, 194
143, 195
143, 196
143, 197
143, 198
143, 199
143, 200
143, 201
143, 202
143, 203
143, 204
143, 205
143, 206
143, 207
143, 208
143, 209
143, 210
143, 211
143, 292
143, 293
143, 294
143, 302
143, 303
143, 80
143, 81
143, 82
143, 83
144, 188
144, 189
144, 190
144, 191
144, 192
144, 193
144, 194
144, 195
144, 196
144, 197
144, 198
144, 199
144, 200
144, 201
144, 202
144, 203
144, 204
144, 205
144, 206
144, 207
144, 208
144, 209
144, 210
144, 211
144, 212
144, 213
144, 214
144, 215
144, 216
144, 217
144, 218
144, 219
144, 284
144, 285
144, 286
144, 287
144, 309
144, 599
144, 601
144, 603
144, 612
144, 613
144, 614
144, 615
144, 616
144, 617
144, 618
144, 619
145, 188
145, 189
145, 190
145, 191
145, 192
145, 193
145, 194
145, 195
145, 196
145, 197
145, 198
145, 199
145, 200
145, 201
145, 202
145, 203
145, 204
145, 205
145, 206
145, 207
145, 208
145, 209
145, 210
145, 211
145, 212
145, 213
145, 214
145, 215
145, 216
145, 217
145, 218
145, 219
145, 284
145, 285
145, 286
145, 287
145, 308
145, 309
145, 310
145, 311
145, 599
145, 600
145, 601
145, 602
145, 603
145, 612
145, 613
145, 614
145, 615
145, 616
145, 617
145, 618
145, 619
146, 188
146, 189
146, 190
146, 191
146, 192
146, 193
146, 194
146, 195
146, 196
146, 197
146, 198
146, 199
146, 200
146, 201
146, 202
146, 203
146, 204
146, 205
146, 206
146, 207
146, 208
146, 209
146, 210
146, 211
146, 212
146, 213
146, 214
146, 215
146, 216
146, 217
146, 218
146, 219
146, 284
146, 285
146, 286
146, 287
146, 308
146, 309
146, 310
146, 311
146, 598
146, 599
146, 600
146, 601
146, 602
146, 603
146, 612
146, 613
146, 614
146, 615
146, 616
146, 617
146, 618
146, 619
147, 188
147, 189
147, 190
147, 191
147, 192
147, 193
147, 194
147, 195
147, 196
147, 197
147, 198
147, 199
147, 200
147, 201
147, 202
147, 203
147, 204
147, 205
147, 206
147, 207
147, 208
147, 209
147, 210
147, 211
147, 212
147, 213
147, 214
147, 215
147, 216
147, 217
147, 218
147, 219
147, 284
147, 285
147, 286
147, 287
147, 308
147, 309
147, 310
147, 311
147, 598
147, 600
147, 601
147, 602
147, 603
147, 612
147, 613
147, 614
147, 615
147, 616
147, 617
147, 618
147, 619
148, 188
148, 189
148, 190
148, 191
148, 192
148, 193
148, 194
148, 195
148, 196
148, 197
148, 198
148, 199
148, 200
148, 201
148, 202
148, 203
148, 204
148, 205
148, 206
148, 207
148, 208
148, 209
148, 210
148, 211
148, 212
148, 213
148, 214
148, 215
148, 216
148, 217
148, 218
148, 219
148, 220
148, 221
148, 222
148, 223
148, 274
148, 275
148, 276
148, 277
148, 278
148, 292
148, 293
148, 294
148, 295
148, 300
148, 301
148, 302
148, 303
148, 308
148, 309
148, 310
148, 311
148, 588
148, 589
148, 590
148, 591
148, 592
148, 593
148, 594
148, 595
148, 599
148, 600
148, 601
148, 602
148, 603
148, 604
148, 605
148, 606
148, 607
148, 613
148, 614
148, 617
148, 618
148, 619
149, 188
149, 189
149, 190
149, 191
149, 192
149, 193
149, 194
149, 195
149, 196
149, 197
149, 198
149, 199
149, 200
149, 201
149, 202
149, 203
149, 204
149, 205
149, 206
149, 207
149, 208
149, 209
149, 210
149, 211
149, 212
149, 213
149, 214
149, 215
149, 216
149, 217
149, 218
149, 219
149, 220
149, 221
149, 222
149, 223
149, 273
149, 274
149, 275
149, 276
149, 277
149, 278
149, 279
149, 292
149, 293
149, 294
149, 295
149, 300
149, 301
149, 302
149, 303
149, 308
149, 309
149, 310
149, 311
149, 588
149, 589
149, 590
149, 591
149, 592
149, 593
149, 594
149, 595
149, 597
149, 599
149, 600
149, 601
149, 602
149, 603
149, 604
149, 605
149, 606
149, 607
149, 612
149, 613
149, 614
149, 616
149, 617
149, 618
149, 619
15, 35
15, 36
15, 37
150, 188
150, 189
150, 190
150, 191
150, 192
150, 193
150, 194
150, 195
150, 196
150, 197
150, 198
150, 199
150, 200
150, 201
150, 202
150, 203
150, 204
150, 205
150, 206
150, 207
150, 208
150, 209
150, 210
150, 211
150, 212
150, 213
150, 214
150, 215
150, 216
150, 217
150, 218
150, 219
150, 220
150, 221
150, 222
150, 223
150, 272
150, 273
150, 274
150, 275
150, 276
150, 277
150, 278
150, 279
150, 292
150, 293
150, 294
150, 295
150, 300
150, 301
150, 302
150, 303
150, 308
150, 309
150, 310
150, 588
150, 589
150, 590
150, 591
150, 592
150, 593
150, 594
150, 595
150, 599
150, 600
150, 601
150, 602
150, 603
150, 604
150, 605
150, 606
150, 607
150, 613
150, 614
150, 616
150, 617
150, 618
150, 619
151, 188
151, 189
151, 190
151, 191
151, 192
151, 193
151, 194
151, 195
151, 196
151, 197
151, 198
151, 199
151, 200
151, 201
151, 202
151, 203
151, 204
151, 205
151, 206
151, 207
151, 208
151, 209
151, 210
151, 211
151, 212
151, 213
151, 214
151, 215
151, 216
151, 217
151, 218
151, 219
151, 220
151, 221
151, 222
151, 223
151, 273
151, 274
151, 275
151, 276
151, 277
151, 278
151, 279
151, 292
151, 293
151, 294
151, 295
151, 300
151, 301
151, 302
151, 303
151, 308
151, 309
151, 310
151, 588
151, 589
151, 590
151, 591
151, 592
151, 593
151, 594
151, 595
151, 600
151, 601
151, 602
151, 603
151, 604
151, 605
151, 606
151, 607
151, 619
152, 184
152, 185
152, 186
152, 187
152, 188
152, 189
152, 190
152, 191
152, 192
152, 193
152, 194
152, 195
152, 196
152, 197
152, 198
152, 199
152, 200
152, 201
152, 202
152, 203
152, 204
152, 205
152, 206
152, 207
152, 208
152, 209
152, 210
152, 211
152, 212
152, 213
152, 214
152, 215
152, 216
152, 217
152, 218
152, 219
152, 220
152, 221
152, 222
152, 223
152, 224
152, 225
152, 226
152, 227
152, 228
152, 229
152, 230
152, 231
152, 232
152, 233
152, 234
152, 235
152, 236
152, 237
152, 238
152, 239
152, 240
152, 241
152, 242
152, 243
152, 244
152, 245
152, 246
152, 247
152, 276
152, 277
152, 278
152, 279
152, 284
152, 285
152, 286
152, 287
152, 301
152, 302
152, 303
152, 586
152, 587
152, 588
152, 589
152, 590
152, 591
152, 600
152, 601
152, 602
152, 603
152, 604
152, 605
152, 606
152, 607
152, 608
152, 616
152, 617
152, 618
152, 619
153, 184
153, 185
153, 186
153, 187
153, 188
153, 189
153, 190
153, 191
153, 192
153, 193
153, 194
153, 195
153, 196
153, 197
153, 198
153, 199
153, 200
153, 201
153, 202
153, 203
153, 204
153, 205
153, 206
153, 207
153, 208
153, 209
153, 210
153, 211
153, 212
153, 213
153, 214
153, 215
153, 216
153, 217
153, 218
153, 219
153, 220
153, 221
153, 222
153, 223
153, 224
153, 225
153, 226
153, 227
153, 228
153, 229
153, 230
153, 231
153, 232
153, 233
153, 234
153, 235
153, 236
153, 237
153, 238
153, 239
153, 240
153, 241
153, 242
153, 243
153, 244
153, 245
153, 246
153, 247
153, 276
153, 277
153, 278
153, 279
153, 284
153, 285
153, 286
153, 287
153, 300
153, 301
153, 302
153, 303
153, 585
153, 586
153, 587
153, 588
153, 589
153, 590
153, 591
153, 600
153, 601
153, 602
153, 603
153, 604
153, 605
153, 606
153, 607
153, 616
153, 617
153, 618
153, 619
154, 184
154, 185
154, 186
154, 187
154, 188
154, 189
154, 190
154, 191
154, 192
154, 193
154, 194
154, 195
154, 196
154, 197
154, 198
154, 199
154, 200
154, 201
154, 202
154, 203
154, 204
154, 205
154, 206
154, 207
154, 208
154, 209
154, 210
154, 211
154, 212
154, 213
154, 214
154, 215
154, 216
154, 217
154, 218
154, 219
154, 220
154, 221
154, 222
154, 223
154, 224
154, 225
154, 226
154, 227
154, 228
154, 229
154, 230
154, 231
154, 232
154, 233
154, 234
154, 235
154, 236
154, 237
154, 238
154, 239
154, 240
154, 241
154, 242
154, 243
154, 244
154, 245
154, 246
154, 247
154, 276
154, 277
154, 278
154, 279
154, 284
154, 285
154, 286
154, 287
154, 300
154, 301
154, 302
154, 303
154, 585
154, 586
154, 587
154, 588
154, 589
154, 590
154, 591
154, 600
154, 601
154, 602
154, 603
154, 604
154, 605
154, 606
154, 607
154, 616
154, 617
154, 618
154, 619
155, 184
155, 185
155, 186
155, 187
155, 188
155, 189
155, 190
155, 191
155, 192
155, 193
155, 194
155, 195
155, 196
155, 197
155, 198
155, 199
155, 200
155, 201
155, 202
155, 203
155, 204
155, 205
155, 206
155, 207
155, 208
155, 209
155, 210
155, 211
155, 212
155, 213
155, 214
155, 215
155, 216
155, 217
155, 218
155, 219
155, 220
155, 221
155, 222
155, 223
155, 224
155, 225
155, 226
155, 227
155, 228
155, 229
155, 230
155, 231
155, 232
155, 233
155, 234
155, 235
155, 236
155, 237
155, 238
155, 239
155, 240
155, 241
155, 242
155, 243
155, 244
155, 245
155, 246
155, 247
155, 276
155, 277
155, 278
155, 279
155, 284
155, 285
155, 286
155, 287
155, 300
155, 301
155, 302
155, 303
155, 586
155, 587
155, 588
155, 589
155, 590
155, 591
155, 600
155, 601
155, 602
155, 603
155, 604
155, 605
155, 606
155, 607
155, 616
155, 617
155, 618
155, 619
156, 184
156, 185
156, 186
156, 187
156, 188
156, 189
156, 190
156, 191
156, 192
156, 193
156, 194
156, 195
156, 196
156, 197
156, 198
156, 199
156, 200
156, 201
156, 202
156, 203
156, 204
156, 205
156, 206
156, 207
156, 208
156, 209
156, 210
156, 211
156, 212
156, 213
156, 214
156, 215
156, 216
156, 217
156, 218
156, 219
156, 220
156, 221
156, 222
156, 223
156, 224
156, 225
156, 226
156, 227
156, 228
156, 229
156, 230
156, 231
156, 232
156, 233
156, 234
156, 235
156, 236
156, 237
156, 238
156, 239
156, 240
156, 241
156, 242
156, 243
156, 244
156, 245
156, 246
156, 247
156, 284
156, 285
156, 286
156, 287
156, 288
156, 289
156, 290
156, 291
156, 292
156, 293
156, 294
156, 295
156, 297
156, 298
156, 299
156, 301
156, 302
156, 309
156, 588
156, 589
156, 590
156, 591
156, 597
156, 598
156, 602
156, 603
156, 604
156, 605
156, 606
156, 607
156, 624
156, 625
156, 626
156, 627
157, 184
157, 185
157, 186
157, 187
157, 188
157, 189
157, 190
157, 191
157, 192
157, 193
157, 194
157, 195
157, 196
157, 197
157, 198
157, 199
157, 200
157, 201
157, 202
157, 203
157, 204
157, 205
157, 206
157, 207
157, 208
157, 209
157, 210
157, 211
157, 212
157, 213
157, 214
157, 215
157, 216
157, 217
157, 218
157, 219
157, 220
157, 221
157, 222
157, 223
157, 224
157, 225
157, 226
157, 227
157, 228
157, 229
157, 230
157, 231
157, 232
157, 233
157, 234
157, 235
157, 236
157, 237
157, 238
157, 239
157, 240
157, 241
157, 242
157, 243
157, 244
157, 245
157, 246
157, 247
157, 284
157, 285
157, 286
157, 287
157, 288
157, 289
157, 290
157, 291
157, 292
157, 293
157, 294
157, 295
157, 297
157, 298
157, 299
157, 300
157, 301
157, 302
157, 308
157, 309
157, 310
157, 311
157, 588
157, 589
157, 590
157, 591
157, 597
157, 598
157, 599
157, 602
157, 603
157, 604
157, 605
157, 606
157, 607
157, 615
157, 624
157, 625
157, 626
157, 627
158, 184
158, 185
158, 186
158, 187
158, 188
158, 189
158, 190
158, 191
158, 192
158, 193
158, 194
158, 195
158, 196
158, 197
158, 198
158, 199
158, 200
158, 201
158, 202
158, 203
158, 204
158, 205
158, 206
158, 207
158, 208
158, 209
158, 210
158, 211
158, 212
158, 213
158, 214
158, 215
158, 216
158, 217
158, 218
158, 219
158, 220
158, 221
158, 222
158, 223
158, 224
158, 225
158, 226
158, 227
158, 228
158, 229
158, 230
158, 231
158, 232
158, 233
158, 234
158, 235
158, 236
158, 237
158, 238
158, 239
158, 240
158, 241
158, 242
158, 243
158, 244
158, 245
158, 246
158, 247
158, 284
158, 285
158, 286
158, 287
158, 289
158, 290
158, 291
158, 294
158, 295
158, 297
158, 298
158, 299
158, 301
158, 302
158, 308
158, 309
158, 310
158, 311
158, 588
158, 589
158, 590
158, 591
158, 596
158, 597
158, 598
158, 602
158, 603
158, 604
158, 605
158, 606
158, 607
158, 608
158, 613
158, 614
158, 615
158, 618
158, 619
158, 621
158, 622
158, 625
158, 626
158, 627
159, 184
159, 185
159, 186
159, 187
159, 188
159, 189
159, 190
159, 191
159, 192
159, 193
159, 194
159, 195
159, 196
159, 197
159, 198
159, 199
159, 200
159, 201
159, 202
159, 203
159, 204
159, 205
159, 206
159, 207
159, 208
159, 209
159, 210
159, 211
159, 212
159, 213
159, 214
159, 215
159, 216
159, 217
159, 218
159, 219
159, 220
159, 221
159, 222
159, 223
159, 224
159, 225
159, 226
159, 227
159, 228
159, 229
159, 230
159, 231
159, 232
159, 233
159, 234
159, 235
159, 236
159, 237
159, 238
159, 239
159, 240
159, 241
159, 242
159, 243
159, 244
159, 245
159, 246
159, 247
159, 284
159, 285
159, 286
159, 287
159, 294
159, 295
159, 297
159, 298
159, 299
159, 300
159, 301
159, 302
159, 303
159, 308
159, 309
159, 310
159, 311
159, 588
159, 589
159, 590
159, 591
159, 597
159, 598
159, 600
159, 601
159, 602
159, 603
159, 604
159, 605
159, 607
159, 608
159, 613
159, 614
159, 615
159, 618
159, 619
159, 620
159, 621
159, 622
16, 24
16, 25
16, 35
16, 36
16, 37
16, 38
160, 184
160, 185
160, 186
160, 187
160, 188
160, 189
160, 190
160, 191
160, 192
160, 193
160, 194
160, 195
160, 196
160, 197
160, 198
160, 199
160, 200
160, 201
160, 202
160, 203
160, 204
160, 205
160, 206
160, 207
160, 208
160, 209
160, 210
160, 211
160, 212
160, 213
160, 214
160, 215
160, 216
160, 217
160, 218
160, 219
160, 220
160, 221
160, 222
160, 223
160, 224
160, 225
160, 226
160, 227
160, 228
160, 229
160, 230
160, 231
160, 232
160, 233
160, 234
160, 235
160, 236
160, 237
160, 238
160, 239
160, 240
160, 241
160, 242
160, 243
160, 244
160, 245
160, 246
160, 247
160, 277
160, 278
160, 281
160, 282
160, 283
160, 284
160, 285
160, 286
160, 287
160, 300
160, 301
160, 302
160, 303
160, 308
160, 309
160, 310
160, 311
160, 589
160, 590
160, 591
160, 593
160, 594
160, 595
160, 597
160, 598
160, 599
160, 600
160, 601
160, 602
160, 603
160, 604
160, 605
160, 606
160, 607
160, 608
160, 609
160, 610
160, 612
160, 613
160, 614
160, 615
160, 616
160, 617
160, 618
160, 619
161, 184
161, 185
161, 186
161, 187
161, 188
161, 189
161, 190
161, 191
161, 192
161, 193
161, 194
161, 195
161, 196
161, 197
161, 198
161, 199
161, 200
161, 201
161, 202
161, 203
161, 204
161, 205
161, 206
161, 207
161, 208
161, 209
161, 210
161, 211
161, 212
161, 213
161, 214
161, 215
161, 216
161, 217
161, 218
161, 219
161, 220
161, 221
161, 222
161, 223
161, 224
161, 225
161, 226
161, 227
161, 228
161, 229
161, 230
161, 231
161, 232
161, 233
161, 234
161, 235
161, 236
161, 237
161, 238
161, 239
161, 240
161, 241
161, 242
161, 243
161, 244
161, 245
161, 246
161, 247
161, 277
161, 278
161, 279
161, 280
161, 281
161, 282
161, 283
161, 284
161, 285
161, 286
161, 287
161, 290
161, 291
161, 292
161, 293
161, 294
161, 295
161, 296
161, 297
161, 298
161, 299
161, 300
161, 301
161, 302
161, 303
161, 308
161, 309
161, 310
161, 311
161, 588
161, 589
161, 590
161, 591
161, 592
161, 593
161, 594
161, 595
161, 597
161, 598
161, 599
161, 600
161, 601
161, 602
161, 603
161, 604
161, 605
161, 606
161, 607
161, 608
161, 609
161, 612
161, 613
161, 614
161, 615
161, 616
161, 617
161, 618
162, 184
162, 185
162, 186
162, 187
162, 188
162, 189
162, 190
162, 191
162, 192
162, 193
162, 194
162, 195
162, 196
162, 197
162, 198
162, 199
162, 200
162, 201
162, 202
162, 203
162, 204
162, 205
162, 206
162, 207
162, 208
162, 209
162, 210
162, 211
162, 212
162, 213
162, 214
162, 215
162, 216
162, 217
162, 218
162, 219
162, 220
162, 221
162, 222
162, 223
162, 224
162, 225
162, 226
162, 227
162, 228
162, 229
162, 230
162, 231
162, 232
162, 233
162, 234
162, 235
162, 236
162, 237
162, 238
162, 239
162, 240
162, 241
162, 242
162, 243
162, 244
162, 245
162, 246
162, 247
162, 276
162, 277
162, 278
162, 280
162, 281
162, 282
162, 283
162, 284
162, 285
162, 286
162, 287
162, 290
162, 291
162, 292
162, 293
162, 294
162, 295
162, 296
162, 297
162, 298
162, 299
162, 300
162, 301
162, 302
162, 303
162, 308
162, 309
162, 310
162, 588
162, 589
162, 590
162, 591
162, 592
162, 593
162, 596
162, 597
162, 598
162, 600
162, 601
162, 602
162, 603
162, 604
162, 605
162, 606
162, 607
162, 608
162, 612
162, 613
162, 614
162, 615
162, 617
162, 618
162, 619
163, 184
163, 185
163, 186
163, 187
163, 188
163, 189
163, 190
163, 191
163, 192
163, 193
163, 194
163, 195
163, 196
163, 197
163, 198
163, 199
163, 200
163, 201
163, 202
163, 203
163, 204
163, 205
163, 206
163, 207
163, 208
163, 209
163, 210
163, 211
163, 212
163, 213
163, 214
163, 215
163, 216
163, 217
163, 218
163, 219
163, 220
163, 221
163, 222
163, 223
163, 224
163, 225
163, 226
163, 227
163, 228
163, 229
163, 230
163, 231
163, 232
163, 233
163, 234
163, 235
163, 236
163, 237
163, 238
163, 239
163, 240
163, 241
163, 242
163, 243
163, 244
163, 245
163, 246
163, 247
163, 277
163, 278
163, 284
163, 285
163, 286
163, 287
163, 290
163, 291
163, 292
163, 293
163, 294
163, 295
163, 296
163, 297
163, 298
163, 299
163, 300
163, 301
163, 302
163, 303
163, 308
163, 309
163, 310
163, 588
163, 589
163, 590
163, 591
163, 592
163, 593
163, 594
163, 595
163, 597
163, 598
163, 600
163, 601
163, 602
163, 603
163, 604
163, 605
163, 606
163, 607
163, 612
163, 613
163, 614
163, 615
163, 618
163, 619
164, 184
164, 185
164, 186
164, 187
164, 188
164, 189
164, 190
164, 191
164, 192
164, 193
164, 194
164, 195
164, 196
164, 197
164, 198
164, 199
164, 200
164, 201
164, 202
164, 203
164, 204
164, 205
164, 206
164, 207
164, 208
164, 209
164, 210
164, 211
164, 212
164, 213
164, 214
164, 215
164, 216
164, 217
164, 218
164, 219
164, 220
164, 221
164, 222
164, 223
164, 224
164, 225
164, 226
164, 227
164, 228
164, 229
164, 230
164, 231
164, 232
164, 233
164, 234
164, 235
164, 236
164, 237
164, 238
164, 239
164, 240
164, 241
164, 242
164, 243
164, 244
164, 245
164, 246
164, 247
164, 281
164, 282
164, 283
164, 284
164, 285
164, 286
164, 287
164, 288
164, 289
164, 290
164, 291
164, 292
164, 293
164, 294
164, 295
164, 296
164, 297
164, 298
164, 299
164, 301
164, 302
164, 303
164, 316
164, 317
164, 318
164, 319
164, 584
164, 585
164, 586
164, 587
164, 592
164, 593
164, 594
164, 595
164, 596
164, 597
164, 598
164, 599
164, 605
164, 606
164, 607
164, 608
164, 609
164, 610
164, 612
164, 613
164, 614
164, 615
164, 616
164, 617
164, 618
164, 619
164, 624
164, 625
164, 626
164, 627
164, 628
164, 629
164, 630
164, 631
165, 184
165, 185
165, 186
165, 187
165, 188
165, 189
165, 190
165, 191
165, 192
165, 193
165, 194
165, 195
165, 196
165, 197
165, 198
165, 199
165, 200
165, 201
165, 202
165, 203
165, 204
165, 205
165, 206
165, 207
165, 208
165, 209
165, 210
165, 211
165, 212
165, 213
165, 214
165, 215
165, 216
165, 217
165, 218
165, 219
165, 220
165, 221
165, 222
165, 223
165, 224
165, 225
165, 226
165, 227
165, 228
165, 229
165, 230
165, 231
165, 232
165, 233
165, 234
165, 235
165, 236
165, 237
165, 238
165, 239
165, 240
165, 241
165, 242
165, 243
165, 244
165, 245
165, 246
165, 247
165, 280
165, 281
165, 282
165, 283
165, 284
165, 285
165, 286
165, 287
165, 288
165, 289
165, 290
165, 291
165, 292
165, 293
165, 294
165, 295
165, 296
165, 297
165, 298
165, 299
165, 300
165, 301
165, 302
165, 303
165, 316
165, 317
165, 318
165, 319
165, 584
165, 585
165, 586
165, 587
165, 592
165, 593
165, 594
165, 595
165, 596
165, 597
165, 598
165, 599
165, 605
165, 606
165, 607
165, 608
165, 609
165, 610
165, 612
165, 613
165, 614
165, 615
165, 616
165, 617
165, 618
165, 619
165, 624
165, 625
165, 626
165, 627
165, 628
165, 629
165, 630
165, 631
166, 184
166, 185
166, 186
166, 187
166, 188
166, 189
166, 190
166, 191
166, 192
166, 193
166, 194
166, 195
166, 196
166, 197
166, 198
166, 199
166, 200
166, 201
166, 202
166, 203
166, 204
166, 205
166, 206
166, 207
166, 208
166, 209
166, 210
166, 211
166, 212
166, 213
166, 214
166, 215
166, 216
166, 217
166, 218
166, 219
166, 220
166, 221
166, 222
166, 223
166, 224
166, 225
166, 226
166, 227
166, 228
166, 229
166, 230
166, 231
166, 232
166, 233
166, 234
166, 235
166, 236
166, 237
166, 238
166, 239
166, 240
166, 241
166, 242
166, 243
166, 244
166, 245
166, 246
166, 247
166, 280
166, 281
166, 282
166, 283
166, 284
166, 285
166, 286
166, 287
166, 288
166, 289
166, 290
166, 291
166, 292
166, 293
166, 294
166, 295
166, 296
166, 297
166, 298
166, 299
166, 301
166, 302
166, 303
166, 316
166, 317
166, 318
166, 319
166, 584
166, 585
166, 586
166, 587
166, 592
166, 593
166, 594
166, 595
166, 596
166, 597
166, 598
166, 599
166, 604
166, 605
166, 606
166, 607
166, 612
166, 613
166, 614
166, 615
166, 616
166, 617
166, 618
166, 624
166, 625
166, 626
166, 627
166, 628
166, 629
166, 630
166, 631
167, 184
167, 185
167, 186
167, 187
167, 188
167, 189
167, 190
167, 191
167, 192
167, 193
167, 194
167, 195
167, 196
167, 197
167, 198
167, 199
167, 200
167, 201
167, 202
167, 203
167, 204
167, 205
167, 206
167, 207
167, 208
167, 209
167, 210
167, 211
167, 212
167, 213
167, 214
167, 215
167, 216
167, 217
167, 218
167, 219
167, 220
167, 221
167, 222
167, 223
167, 224
167, 225
167, 226
167, 227
167, 228
167, 229
167, 230
167, 231
167, 232
167, 233
167, 234
167, 235
167, 236
167, 237
167, 238
167, 239
167, 240
167, 241
167, 242
167, 243
167, 244
167, 245
167, 246
167, 247
167, 284
167, 285
167, 286
167, 287
167, 288
167, 289
167, 290
167, 291
167, 292
167, 293
167, 294
167, 295
167, 296
167, 297
167, 298
167, 299
167, 301
167, 302
167, 303
167, 316
167, 317
167, 318
167, 319
167, 584
167, 585
167, 586
167, 587
167, 592
167, 593
167, 594
167, 595
167, 596
167, 597
167, 598
167, 599
167, 604
167, 605
167, 606
167, 607
167, 611
167, 612
167, 613
167, 614
167, 615
167, 616
167, 627
167, 628
167, 629
167, 630
167, 631
168, 168
168, 169
168, 170
168, 171
168, 172
168, 173
168, 174
168, 175
168, 176
168, 177
168, 178
168, 179
168, 180
168, 181
168, 182
168, 183
168, 184
168, 185
168, 186
168, 187
168, 188
168, 189
168, 190
168, 191
168, 192
168, 193
168, 194
168, 195
168, 196
168, 197
168, 198
168, 199
168, 200
168, 201
168, 202
168, 203
168, 204
168, 205
168, 206
168, 207
168, 208
168, 209
168, 210
168, 211
168, 212
168, 213
168, 214
168, 215
168, 216
168, 217
168, 218
168, 219
168, 220
168, 221
168, 222
168, 223
168, 224
168, 225
168, 226
168, 227
168, 228
168, 229
168, 230
168, 231
168, 232
168, 233
168, 234
168, 235
168, 236
168, 237
168, 238
168, 239
168, 240
168, 241
168, 242
168, 243
168, 277
168, 280
168, 281
168, 289
168, 290
168, 291
168, 292
168, 293
168, 294
168, 295
168, 296
168, 297
168, 298
168, 299
168, 300
168, 301
168, 302
168, 303
168, 304
168, 305
168, 306
168, 307
168, 316
168, 317
168, 318
168, 319
168, 568
168, 569
168, 570
168, 571
168, 572
168, 573
168, 574
168, 575
168, 588
168, 589
168, 590
168, 591
168, 592
168, 593
168, 594
168, 595
168, 597
168, 598
168, 600
168, 601
168, 602
168, 603
168, 605
168, 606
168, 608
168, 609
168, 610
168, 611
168, 612
168, 613
168, 614
168, 615
168, 617
168, 618
168, 619
168, 624
168, 625
168, 626
168, 627
169, 168
169, 169
169, 170
169, 171
169, 172
169, 173
169, 174
169, 175
169, 176
169, 177
169, 178
169, 179
169, 180
169, 181
169, 182
169, 183
169, 184
169, 185
169, 186
169, 187
169, 188
169, 189
169, 190
169, 191
169, 192
169, 193
169, 194
169, 195
169, 196
169, 197
169, 198
169, 199
169, 200
169, 201
169, 202
169, 203
169, 204
169, 205
169, 206
169, 207
169, 208
169, 209
169, 210
169, 211
169, 212
169, 213
169, 214
169, 215
169, 216
169, 217
169, 218
169, 219
169, 220
169, 221
169, 222
169, 223
169, 224
169, 225
169, 226
169, 227
169, 228
169, 229
169, 230
169, 231
169, 232
169, 233
169, 234
169, 235
169, 236
169, 237
169, 238
169, 239
169, 240
169, 241
169, 242
169, 243
169, 277
169, 278
169, 279
169, 280
169, 281
169, 282
169, 283
169, 285
169, 286
169, 287
169, 289
169, 290
169, 291
169, 292
169, 293
169, 294
169, 295
169, 296
169, 297
169, 298
169, 299
169, 300
169, 301
169, 302
169, 303
169, 304
169, 305
169, 306
169, 307
169, 316
169, 317
169, 318
169, 319
169, 568
169, 569
169, 570
169, 571
169, 572
169, 573
169, 574
169, 575
169, 588
169, 589
169, 590
169, 591
169, 592
169, 593
169, 594
169, 595
169, 597
169, 598
169, 600
169, 601
169, 602
169, 603
169, 604
169, 605
169, 606
169, 607
169, 608
169, 609
169, 610
169, 611
169, 612
169, 613
169, 614
169, 615
169, 616
169, 617
169, 618
169, 619
169, 624
169, 625
169, 626
169, 627
17, 10
17, 24
17, 25
17, 26
17, 35
17, 36
17, 37
17, 38
170, 168
170, 169
170, 170
170, 171
170, 172
170, 173
170, 174
170, 175
170, 176
170, 177
170, 178
170, 179
170, 180
170, 181
170, 182
170, 183
170, 184
170, 185
170, 186
170, 187
170, 188
170, 189
170, 190
170, 191
170, 192
170, 193
170, 194
170, 195
170, 196
170, 197
170, 198
170, 199
170, 200
170, 201
170, 202
170, 203
170, 204
170, 205
170, 206
170, 207
170, 208
170, 209
170, 210
170, 211
170, 212
170, 213
170, 214
170, 215
170, 216
170, 217
170, 218
170, 219
170, 220
170, 221
170, 222
170, 223
170, 224
170, 225
170, 226
170, 227
170, 228
170, 229
170, 230
170, 231
170, 232
170, 233
170, 234
170, 235
170, 236
170, 237
170, 238
170, 239
170, 240
170, 241
170, 242
170, 243
170, 277
170, 278
170, 279
170, 280
170, 281
170, 282
170, 283
170, 285
170, 286
170, 287
170, 289
170, 290
170, 291
170, 292
170, 293
170, 294
170, 295
170, 296
170, 297
170, 298
170, 299
170, 300
170, 301
170, 302
170, 303
170, 304
170, 305
170, 306
170, 307
170, 316
170, 317
170, 318
170, 319
170, 568
170, 569
170, 570
170, 571
170, 572
170, 573
170, 574
170, 575
170, 588
170, 589
170, 590
170, 591
170, 592
170, 593
170, 594
170, 595
170, 596
170, 597
170, 598
170, 599
170, 600
170, 601
170, 602
170, 603
170, 604
170, 605
170, 606
170, 607
170, 608
170, 609
170, 610
170, 611
170, 612
170, 613
170, 614
170, 615
170, 616
170, 617
170, 618
170, 619
170, 624
170, 625
170, 626
170, 627
171, 168
171, 169
171, 170
171, 171
171, 172
171, 173
171, 174
171, 175
171, 176
171, 177
171, 178
171, 179
171, 180
171, 181
171, 182
171, 183
171, 184
171, 185
171, 186
171, 187
171, 188
171, 189
171, 190
171, 191
171, 192
171, 193
171, 194
171, 195
171, 196
171, 197
171, 198
171, 199
171, 200
171, 201
171, 202
171, 203
171, 204
171, 205
171, 206
171, 207
171, 208
171, 209
171, 210
171, 211
171, 212
171, 213
171, 214
171, 215
171, 216
171, 217
171, 218
171, 219
171, 220
171, 221
171, 222
171, 223
171, 224
171, 225
171, 226
171, 227
171, 228
171, 229
171, 230
171, 231
171, 232
171, 233
171, 234
171, 235
171, 236
171, 237
171, 238
171, 239
171, 240
171, 241
171, 242
171, 243
171, 276
171, 277
171, 281
171, 282
171, 283
171, 289
171, 290
171, 291
171, 292
171, 293
171, 294
171, 295
171, 296
171, 297
171, 298
171, 299
171, 300
171, 301
171, 302
171, 303
171, 304
171, 305
171, 306
171, 307
171, 316
171, 317
171, 318
171, 319
171, 568
171, 569
171, 570
171, 571
171, 572
171, 573
171, 574
171, 575
171, 588
171, 589
171, 590
171, 591
171, 592
171, 593
171, 594
171, 595
171, 596
171, 597
171, 598
171, 599
171, 600
171, 601
171, 602
171, 603
171, 605
171, 610
171, 611
171, 613
171, 614
171, 615
171, 617
171, 618
171, 624
171, 625
171, 626
171, 627
172, 168
172, 169
172, 170
172, 171
172, 172
172, 173
172, 174
172, 175
172, 176
172, 177
172, 178
172, 179
172, 180
172, 181
172, 182
172, 183
172, 184
172, 185
172, 186
172, 187
172, 188
172, 189
172, 190
172, 191
172, 192
172, 193
172, 194
172, 195
172, 196
172, 197
172, 198
172, 199
172, 200
172, 201
172, 202
172, 203
172, 204
172, 205
172, 206
172, 207
172, 208
172, 209
172, 210
172, 211
172, 212
172, 213
172, 214
172, 215
172, 216
172, 217
172, 218
172, 219
172, 220
172, 221
172, 222
172, 223
172, 224
172, 225
172, 226
172, 227
172, 228
172, 229
172, 230
172, 231
172, 232
172, 233
172, 234
172, 235
172, 236
172, 237
172, 238
172, 239
172, 240
172, 241
172, 242
172, 243
172, 276
172, 277
172, 278
172, 280
172, 281
172, 282
172, 283
172, 287
172, 289
172, 290
172, 291
172, 292
172, 293
172, 294
172, 295
172, 296
172, 297
172, 298
172, 299
172, 300
172, 301
172, 302
172, 303
172, 308
172, 309
172, 310
172, 311
172, 568
172, 569
172, 570
172, 571
172, 572
172, 573
172, 574
172, 575
172, 580
172, 581
172, 582
172, 583
172, 584
172, 585
172, 586
172, 587
172, 592
172, 593
172, 594
172, 595
172, 596
172, 597
172, 598
172, 599
172, 600
172, 601
172, 602
172, 603
172, 624
172, 625
172, 626
172, 627
172, 628
172, 629
172, 630
172, 631
172, 633
172, 634
172, 638
172, 639
173, 168
173, 169
173, 170
173, 171
173, 172
173, 173
173, 174
173, 175
173, 176
173, 177
173, 178
173, 179
173, 180
173, 181
173, 182
173, 183
173, 184
173, 185
173, 186
173, 187
173, 188
173, 189
173, 190
173, 191
173, 192
173, 193
173, 194
173, 195
173, 196
173, 197
173, 198
173, 199
173, 200
173, 201
173, 202
173, 203
173, 204
173, 205
173, 206
173, 207
173, 208
173, 209
173, 210
173, 211
173, 212
173, 213
173, 214
173, 215
173, 216
173, 217
173, 218
173, 219
173, 220
173, 221
173, 222
173, 223
173, 224
173, 225
173, 226
173, 227
173, 228
173, 229
173, 230
173, 231
173, 232
173, 233
173, 234
173, 235
173, 236
173, 237
173, 238
173, 239
173, 240
173, 241
173, 242
173, 243
173, 276
173, 277
173, 278
173, 279
173, 280
173, 281
173, 282
173, 283
173, 285
173, 286
173, 287
173, 289
173, 290
173, 291
173, 292
173, 293
173, 294
173, 295
173, 296
173, 297
173, 298
173, 299
173, 300
173, 301
173, 302
173, 303
173, 308
173, 309
173, 310
173, 311
173, 568
173, 569
173, 570
173, 571
173, 572
173, 573
173, 574
173, 575
173, 580
173, 581
173, 582
173, 583
173, 584
173, 585
173, 586
173, 592
173, 593
173, 594
173, 595
173, 596
173, 597
173, 598
173, 599
173, 600
173, 601
173, 602
173, 603
173, 614
173, 615
173, 624
173, 625
173, 626
173, 627
173, 628
173, 629
173, 630
173, 631
173, 633
173, 634
173, 635
173, 637
173, 638
173, 639
174, 168
174, 169
174, 170
174, 171
174, 172
174, 173
174, 174
174, 175
174, 176
174, 177
174, 178
174, 179
174, 180
174, 181
174, 182
174, 183
174, 184
174, 185
174, 186
174, 187
174, 188
174, 189
174, 190
174, 191
174, 192
174, 193
174, 194
174, 195
174, 196
174, 197
174, 198
174, 199
174, 200
174, 201
174, 202
174, 203
174, 204
174, 205
174, 206
174, 207
174, 208
174, 209
174, 210
174, 211
174, 212
174, 213
174, 214
174, 215
174, 216
174, 217
174, 218
174, 219
174, 220
174, 221
174, 222
174, 223
174, 224
174, 225
174, 226
174, 227
174, 228
174, 229
174, 230
174, 231
174, 232
174, 233
174, 234
174, 235
174, 236
174, 237
174, 238
174, 239
174, 240
174, 241
174, 242
174, 243
174, 276
174, 277
174, 278
174, 279
174, 280
174, 281
174, 282
174, 283
174, 284
174, 285
174, 286
174, 287
174, 289
174, 290
174, 291
174, 292
174, 293
174, 294
174, 295
174, 296
174, 297
174, 298
174, 299
174, 300
174, 301
174, 302
174, 303
174, 308
174, 309
174, 310
174, 311
174, 568
174, 569
174, 570
174, 571
174, 572
174, 573
174, 574
174, 575
174, 580
174, 581
174, 582
174, 583
174, 592
174, 593
174, 594
174, 595
174, 596
174, 597
174, 598
174, 599
174, 600
174, 601
174, 602
174, 603
174, 613
174, 624
174, 625
174, 626
174, 627
174, 628
174, 629
174, 630
174, 631
174, 632
174, 633
174, 634
174, 636
174, 637
174, 638
174, 639
175, 168
175, 169
175, 170
175, 171
175, 172
175, 173
175, 174
175, 175
175, 176
175, 177
175, 178
175, 179
175, 180
175, 181
175, 182
175, 183
175, 184
175, 185
175, 186
175, 187
175, 188
175, 189
175, 190
175, 191
175, 192
175, 193
175, 194
175, 195
175, 196
175, 197
175, 198
175, 199
175, 200
175, 201
175, 202
175, 203
175, 204
175, 205
175, 206
175, 207
175, 208
175, 209
175, 210
175, 211
175, 212
175, 213
175, 214
175, 215
175, 216
175, 217
175, 218
175, 219
175, 220
175, 221
175, 222
175, 223
175, 224
175, 225
175, 226
175, 227
175, 228
175, 229
175, 230
175, 231
175, 232
175, 233
175, 234
175, 235
175, 236
175, 237
175, 238
175, 239
175, 240
175, 241
175, 242
175, 243
175, 276
175, 277
175, 278
175, 279
175, 280
175, 281
175, 282
175, 283
175, 285
175, 286
175, 287
175, 289
175, 290
175, 291
175, 292
175, 293
175, 294
175, 295
175, 296
175, 297
175, 298
175, 299
175, 300
175, 301
175, 302
175, 303
175, 308
175, 309
175, 310
175, 311
175, 568
175, 569
175, 570
175, 571
175, 572
175, 573
175, 574
175, 575
175, 580
175, 581
175, 582
175, 583
175, 592
175, 593
175, 594
175, 595
175, 596
175, 597
175, 598
175, 599
175, 600
175, 601
175, 602
175, 603
175, 612
175, 613
175, 614
175, 615
175, 624
175, 625
175, 626
175, 627
175, 628
175, 629
175, 630
175, 631
175, 633
175, 636
175, 637
175, 638
175, 639
176, 168
176, 169
176, 170
176, 171
176, 172
176, 173
176, 174
176, 175
176, 176
176, 177
176, 178
176, 179
176, 180
176, 181
176, 182
176, 183
176, 184
176, 185
176, 186
176, 187
176, 188
176, 189
176, 190
176, 191
176, 192
176, 193
176, 194
176, 195
176, 196
176, 197
176, 198
176, 199
176, 200
176, 201
176, 202
176, 203
176, 204
176, 205
176, 206
176, 207
176, 208
176, 209
176, 210
176, 211
176, 212
176, 213
176, 214
176, 215
176, 216
176, 217
176, 218
176, 219
176, 220
176, 221
176, 222
176, 223
176, 224
176, 225
176, 226
176, 227
176, 228
176, 229
176, 230
176, 231
176, 232
176, 233
176, 234
176, 235
176, 236
176, 237
176, 238
176, 239
176, 289
176, 290
176, 291
176, 292
176, 293
176, 294
176, 295
176, 296
176, 297
176, 298
176, 299
176, 300
176, 301
176, 302
176, 303
176, 308
176, 309
176, 310
176, 311
176, 593
176, 594
176, 595
176, 596
176, 597
176, 598
176, 599
176, 600
176, 603
176, 610
176, 611
176, 612
176, 613
176, 614
176, 615
176, 616
176, 617
176, 618
176, 619
176, 620
176, 621
176, 622
176, 623
176, 628
176, 629
176, 630
176, 631
176, 632
176, 633
176, 634
176, 635
176, 636
176, 637
176, 638
176, 639
177, 168
177, 169
177, 170
177, 171
177, 172
177, 173
177, 174
177, 175
177, 176
177, 177
177, 178
177, 179
177, 180
177, 181
177, 182
177, 183
177, 184
177, 185
177, 186
177, 187
177, 188
177, 189
177, 190
177, 191
177, 192
177, 193
177, 194
177, 195
177, 196
177, 197
177, 198
177, 199
177, 200
177, 201
177, 202
177, 203
177, 204
177, 205
177, 206
177, 207
177, 208
177, 209
177, 210
177, 211
177, 212
177, 213
177, 214
177, 215
177, 216
177, 217
177, 218
177, 219
177, 220
177, 221
177, 222
177, 223
177, 224
177, 225
177, 226
177, 227
177, 228
177, 229
177, 230
177, 231
177, 232
177, 233
177, 234
177, 235
177, 236
177, 237
177, 238
177, 239
177, 288
177, 289
177, 290
177, 291
177, 292
177, 293
177, 294
177, 295
177, 296
177, 297
177, 298
177, 299
177, 300
177, 301
177, 302
177, 303
177, 308
177, 309
177, 310
177, 311
177, 592
177, 593
177, 594
177, 595
177, 596
177, 597
177, 598
177, 599
177, 600
177, 601
177, 602
177, 603
177, 609
177, 610
177, 611
177, 612
177, 613
177, 614
177, 615
177, 616
177, 617
177, 618
177, 619
177, 620
177, 621
177, 622
177, 623
177, 628
177, 629
177, 630
177, 631
177, 632
177, 633
177, 634
177, 635
177, 636
177, 637
177, 638
177, 639
178, 168
178, 169
178, 170
178, 171
178, 172
178, 173
178, 174
178, 175
178, 176
178, 177
178, 178
178, 179
178, 180
178, 181
178, 182
178, 183
178, 184
178, 185
178, 186
178, 187
178, 188
178, 189
178, 190
178, 191
178, 192
178, 193
178, 194
178, 195
178, 196
178, 197
178, 198
178, 199
178, 200
178, 201
178, 202
178, 203
178, 204
178, 205
178, 206
178, 207
178, 208
178, 209
178, 210
178, 211
178, 212
178, 213
178, 214
178, 215
178, 216
178, 217
178, 218
178, 219
178, 220
178, 221
178, 222
178, 223
178, 224
178, 225
178, 226
178, 227
178, 228
178, 229
178, 230
178, 231
178, 232
178, 233
178, 234
178, 235
178, 236
178, 237
178, 238
178, 239
178, 288
178, 289
178, 290
178, 291
178, 292
178, 293
178, 294
178, 295
178, 296
178, 297
178, 298
178, 299
178, 300
178, 301
178, 302
178, 303
178, 308
178, 309
178, 310
178, 311
178, 592
178, 593
178, 594
178, 595
178, 597
178, 598
178, 599
178, 600
178, 601
178, 602
178, 608
178, 609
178, 610
178, 611
178, 612
178, 613
178, 614
178, 615
178, 616
178, 617
178, 619
178, 620
178, 621
178, 622
178, 623
178, 628
178, 629
178, 630
178, 631
178, 632
178, 633
178, 634
178, 635
178, 636
178, 637
178, 638
178, 639
179, 168
179, 169
179, 170
179, 171
179, 172
179, 173
179, 174
179, 175
179, 176
179, 177
179, 178
179, 179
179, 180
179, 181
179, 182
179, 183
179, 184
179, 185
179, 186
179, 187
179, 188
179, 189
179, 190
179, 191
179, 192
179, 193
179, 194
179, 195
179, 196
179, 197
179, 198
179, 199
179, 200
179, 201
179, 202
179, 203
179, 204
179, 205
179, 206
179, 207
179, 208
179, 209
179, 210
179, 211
179, 212
179, 213
179, 214
179, 215
179, 216
179, 217
179, 218
179, 219
179, 220
179, 221
179, 222
179, 223
179, 224
179, 225
179, 226
179, 227
179, 228
179, 229
179, 230
179, 231
179, 232
179, 233
179, 234
179, 235
179, 236
179, 237
179, 238
179, 239
179, 288
179, 289
179, 290
179, 291
179, 292
179, 293
179, 294
179, 295
179, 296
179, 297
179, 298
179, 300
179, 301
179, 302
179, 303
179, 308
179, 309
179, 310
179, 311
179, 592
179, 593
179, 594
179, 595
179, 597
179, 598
179, 599
179, 601
179, 602
179, 608
179, 609
179, 610
179, 611
179, 612
179, 613
179, 614
179, 615
179, 616
179, 617
179, 619
179, 620
179, 621
179, 622
179, 623
179, 628
179, 629
179, 630
179, 631
179, 632
179, 633
179, 634
179, 635
179, 636
179, 637
179, 638
179, 639
18, 23
18, 24
18, 25
18, 26
18, 27
18, 34
18, 35
18, 36
18, 37
18, 38
18, 73
18, 74
18, 75
18, 76
18, 77
180, 168
180, 169
180, 170
180, 171
180, 172
180, 173
180, 174
180, 175
180, 176
180, 177
180, 178
180, 179
180, 180
180, 181
180, 182
180, 183
180, 184
180, 185
180, 186
180, 187
180, 188
180, 189
180, 190
180, 191
180, 192
180, 193
180, 194
180, 195
180, 196
180, 197
180, 198
180, 199
180, 200
180, 201
180, 202
180, 203
180, 204
180, 205
180, 206
180, 207
180, 208
180, 209
180, 210
180, 211
180, 212
180, 213
180, 214
180, 215
180, 216
180, 217
180, 218
180, 219
180, 220
180, 221
180, 222
180, 223
180, 224
180, 225
180, 226
180, 227
180, 228
180, 229
180, 230
180, 231
180, 232
180, 233
180, 234
180, 235
180, 236
180, 237
180, 238
180, 239
180, 248
180, 249
180, 250
180, 251
180, 284
180, 285
180, 286
180, 287
180, 292
180, 293
180, 294
180, 295
180, 296
180, 297
180, 298
180, 299
180, 300
180, 301
180, 302
180, 303
180, 308
180, 309
180, 310
180, 311
180, 580
180, 581
180, 582
180, 583
180, 584
180, 585
180, 586
180, 587
180, 592
180, 593
180, 594
180, 595
180, 604
180, 605
180, 606
180, 607
180, 608
180, 609
180, 610
180, 611
180, 612
180, 613
180, 614
180, 615
180, 618
180, 619
180, 620
180, 621
180, 622
180, 623
180, 629
180, 630
180, 632
180, 633
180, 634
180, 635
180, 636
180, 637
180, 638
180, 639
181, 168
181, 169
181, 170
181, 171
181, 172
181, 173
181, 174
181, 175
181, 176
181, 177
181, 178
181, 179
181, 180
181, 181
181, 182
181, 183
181, 184
181, 185
181, 186
181, 187
181, 188
181, 189
181, 190
181, 191
181, 192
181, 193
181, 194
181, 195
181, 196
181, 197
181, 198
181, 199
181, 200
181, 201
181, 202
181, 203
181, 204
181, 205
181, 206
181, 207
181, 208
181, 209
181, 210
181, 211
181, 212
181, 213
181, 214
181, 215
181, 216
181, 217
181, 218
181, 219
181, 220
181, 221
181, 222
181, 223
181, 224
181, 225
181, 226
181, 227
181, 228
181, 229
181, 230
181, 231
181, 232
181, 233
181, 234
181, 235
181, 236
181, 237
181, 238
181, 239
181, 248
181, 249
181, 250
181, 251
181, 284
181, 285
181, 286
181, 287
181, 292
181, 293
181, 294
181, 295
181, 296
181, 297
181, 298
181, 299
181, 300
181, 301
181, 302
181, 303
181, 308
181, 309
181, 310
181, 311
181, 580
181, 581
181, 582
181, 584
181, 585
181, 586
181, 587
181, 592
181, 593
181, 594
181, 595
181, 604
181, 605
181, 606
181, 607
181, 608
181, 609
181, 610
181, 611
181, 612
181, 613
181, 614
181, 615
181, 616
181, 617
181, 618
181, 619
181, 621
181, 626
181, 627
181, 629
181, 630
181, 634
181, 635
181, 636
181, 637
181, 638
181, 639
182, 168
182, 169
182, 170
182, 171
182, 172
182, 173
182, 174
182, 175
182, 176
182, 177
182, 178
182, 179
182, 180
182, 181
182, 182
182, 183
182, 184
182, 185
182, 186
182, 187
182, 188
182, 189
182, 190
182, 191
182, 192
182, 193
182, 194
182, 195
182, 196
182, 197
182, 198
182, 199
182, 200
182, 201
182, 202
182, 203
182, 204
182, 205
182, 206
182, 207
182, 208
182, 209
182, 210
182, 211
182, 212
182, 213
182, 214
182, 215
182, 216
182, 217
182, 218
182, 219
182, 220
182, 221
182, 222
182, 223
182, 224
182, 225
182, 226
182, 227
182, 228
182, 229
182, 230
182, 231
182, 232
182, 233
182, 234
182, 235
182, 236
182, 237
182, 238
182, 239
182, 248
182, 249
182, 250
182, 251
182, 284
182, 285
182, 286
182, 287
182, 292
182, 293
182, 294
182, 295
182, 296
182, 297
182, 298
182, 299
182, 300
182, 301
182, 302
182, 303
182, 308
182, 309
182, 310
182, 311
182, 580
182, 581
182, 582
182, 583
182, 584
182, 585
182, 592
182, 593
182, 594
182, 595
182, 601
182, 602
182, 603
182, 604
182, 605
182, 606
182, 607
182, 608
182, 609
182, 610
182, 611
182, 612
182, 613
182, 614
182, 615
182, 618
182, 619
182, 626
182, 627
182, 634
182, 635
182, 636
182, 637
182, 638
182, 639
183, 168
183, 169
183, 170
183, 171
183, 172
183, 173
183, 174
183, 175
183, 176
183, 177
183, 178
183, 179
183, 180
183, 181
183, 182
183, 183
183, 184
183, 185
183, 186
183, 187
183, 188
183, 189
183, 190
183, 191
183, 192
183, 193
183, 194
183, 195
183, 196
183, 197
183, 198
183, 199
183, 200
183, 201
183, 202
183, 203
183, 204
183, 205
183, 206
183, 207
183, 208
183, 209
183, 210
183, 211
183, 212
183, 213
183, 214
183, 215
183, 216
183, 217
183, 218
183, 219
183, 220
183, 221
183, 222
183, 223
183, 224
183, 225
183, 226
183, 227
183, 228
183, 229
183, 230
183, 231
183, 232
183, 233
183, 234
183, 235
183, 236
183, 237
183, 238
183, 239
183, 248
183, 249
183, 250
183, 251
183, 284
183, 285
183, 286
183, 287
183, 292
183, 293
183, 294
183, 295
183, 296
183, 297
183, 298
183, 299
183, 300
183, 301
183, 302
183, 303
183, 308
183, 309
183, 310
183, 311
183, 580
183, 581
183, 582
183, 583
183, 584
183, 585
183, 592
183, 593
183, 594
183, 595
183, 601
183, 602
183, 603
183, 604
183, 605
183, 606
183, 607
183, 608
183, 609
183, 610
183, 611
183, 612
183, 613
183, 614
183, 615
183, 617
183, 618
183, 619
183, 626
183, 630
183, 634
183, 635
183, 636
183, 637
183, 638
183, 639
184, 176
184, 177
184, 178
184, 179
184, 180
184, 181
184, 182
184, 183
184, 184
184, 185
184, 186
184, 187
184, 188
184, 189
184, 190
184, 191
184, 192
184, 193
184, 194
184, 195
184, 196
184, 197
184, 198
184, 199
184, 200
184, 201
184, 202
184, 203
184, 204
184, 205
184, 206
184, 207
184, 208
184, 209
184, 210
184, 211
184, 212
184, 213
184, 214
184, 215
184, 216
184, 217
184, 218
184, 219
184, 220
184, 221
184, 222
184, 223
184, 224
184, 225
184, 226
184, 227
184, 228
184, 229
184, 230
184, 231
184, 232
184, 233
184, 234
184, 235
184, 236
184, 237
184, 238
184, 239
184, 240
184, 241
184, 242
184, 243
184, 244
184, 245
184, 246
184, 247
184, 248
184, 249
184, 250
184, 251
184, 608
184, 609
184, 610
184, 611
184, 612
184, 613
185, 176
185, 177
185, 178
185, 179
185, 180
185, 181
185, 182
185, 183
185, 184
185, 185
185, 186
185, 187
185, 188
185, 189
185, 190
185, 191
185, 192
185, 193
185, 194
185, 195
185, 196
185, 197
185, 198
185, 199
185, 200
185, 201
185, 202
185, 203
185, 204
185, 205
185, 206
185, 207
185, 208
185, 209
185, 210
185, 211
185, 212
185, 213
185, 214
185, 215
185, 216
185, 217
185, 218
185, 219
185, 220
185, 221
185, 222
185, 223
185, 224
185, 225
185, 226
185, 227
185, 228
185, 229
185, 230
185, 231
185, 232
185, 233
185, 234
185, 235
185, 236
185, 237
185, 238
185, 239
185, 240
185, 241
185, 242
185, 243
185, 244
185, 245
185, 246
185, 247
185, 248
185, 249
185, 250
185, 251
185, 610
185, 611
185, 612
185, 613
186, 176
186, 177
186, 178
186, 179
186, 180
186, 181
186, 182
186, 183
186, 184
186, 185
186, 186
186, 187
186, 188
186, 189
186, 190
186, 191
186, 192
186, 193
186, 194
186, 195
186, 196
186, 197
186, 198
186, 199
186, 200
186, 201
186, 202
186, 203
186, 204
186, 205
186, 206
186, 207
186, 208
186, 209
186, 210
186, 211
186, 212
186, 213
186, 214
186, 215
186, 216
186, 217
186, 218
186, 219
186, 220
186, 221
186, 222
186, 223
186, 224
186, 225
186, 226
186, 227
186, 228
186, 229
186, 230
186, 231
186, 232
186, 233
186, 234
186, 235
186, 236
186, 237
186, 238
186, 239
186, 240
186, 241
186, 242
186, 243
186, 244
186, 245
186, 246
186, 247
186, 248
186, 249
186, 250
186, 251
186, 596
186, 597
186, 598
186, 599
186, 610
186, 611
186, 612
186, 613
186, 614
186, 615
186, 646
187, 176
187, 177
187, 178
187, 179
187, 180
187, 181
187, 182
187, 183
187, 184
187, 185
187, 186
187, 187
187, 188
187, 189
187, 190
187, 191
187, 192
187, 193
187, 194
187, 195
187, 196
187, 197
187, 198
187, 199
187, 200
187, 201
187, 202
187, 203
187, 204
187, 205
187, 206
187, 207
187, 208
187, 209
187, 210
187, 211
187, 212
187, 213
187, 214
187, 215
187, 216
187, 217
187, 218
187, 219
187, 220
187, 221
187, 222
187, 223
187, 224
187, 225
187, 226
187, 227
187, 228
187, 229
187, 230
187, 231
187, 232
187, 233
187, 234
187, 235
187, 236
187, 237
187, 238
187, 239
187, 240
187, 241
187, 242
187, 243
187, 244
187, 245
187, 246
187, 247
187, 248
187, 249
187, 250
187, 251
187, 596
187, 597
187, 598
187, 599
187, 600
187, 612
187, 613
187, 614
187, 615
187, 646
187, 647
188, 176
188, 177
188, 178
188, 179
188, 180
188, 181
188, 182
188, 183
188, 184
188, 185
188, 186
188, 187
188, 188
188, 189
188, 190
188, 191
188, 192
188, 193
188, 194
188, 195
188, 196
188, 197
188, 198
188, 199
188, 200
188, 201
188, 202
188, 203
188, 204
188, 205
188, 206
188, 207
188, 208
188, 209
188, 210
188, 211
188, 212
188, 213
188, 214
188, 215
188, 216
188, 217
188, 218
188, 219
188, 220
188, 221
188, 222
188, 223
188, 224
188, 225
188, 226
188, 227
188, 228
188, 229
188, 230
188, 231
188, 232
188, 233
188, 234
188, 235
188, 236
188, 237
188, 238
188, 239
188, 240
188, 241
188, 242
188, 243
188, 244
188, 245
188, 246
188, 247
188, 248
188, 249
188, 250
188, 251
188, 300
188, 301
188, 302
188, 303
188, 596
188, 597
188, 598
188, 599
188, 601
188, 602
188, 603
188, 608
188, 609
188, 610
188, 611
188, 612
188, 613
188, 614
188, 615
188, 640
188, 641
188, 644
188, 645
188, 646
189, 176
189, 177
189, 178
189, 179
189, 180
189, 181
189, 182
189, 183
189, 184
189, 185
189, 186
189, 187
189, 188
189, 189
189, 190
189, 191
189, 192
189, 193
189, 194
189, 195
189, 196
189, 197
189, 198
189, 199
189, 200
189, 201
189, 202
189, 203
189, 204
189, 205
189, 206
189, 207
189, 208
189, 209
189, 210
189, 211
189, 212
189, 213
189, 214
189, 215
189, 216
189, 217
189, 218
189, 219
189, 220
189, 221
189, 222
189, 223
189, 224
189, 225
189, 226
189, 227
189, 228
189, 229
189, 230
189, 231
189, 232
189, 233
189, 234
189, 235
189, 236
189, 237
189, 238
189, 239
189, 240
189, 241
189, 242
189, 243
189, 244
189, 245
189, 246
189, 247
189, 248
189, 249
189, 250
189, 251
189, 300
189, 301
189, 302
189, 303
189, 596
189, 597
189, 598
189, 599
189, 600
189, 601
189, 602
189, 603
189, 608
189, 609
189, 610
189, 611
189, 612
189, 613
189, 614
189, 615
189, 640
189, 641
189, 644
189, 645
189, 646
19, 23
19, 24
19, 25
19, 26
19, 27
19, 28
19, 29
19, 30
19, 34
19, 35
19, 36
19, 37
19, 38
19, 73
19, 74
19, 75
19, 76
19, 77
19, 78
190, 176
190, 177
190, 178
190, 179
190, 180
190, 181
190, 182
190, 183
190, 184
190, 185
190, 186
190, 187
190, 188
190, 189
190, 190
190, 191
190, 192
190, 193
190, 194
190, 195
190, 196
190, 197
190, 198
190, 199
190, 200
190, 201
190, 202
190, 203
190, 204
190, 205
190, 206
190, 207
190, 208
190, 209
190, 210
190, 211
190, 212
190, 213
190, 214
190, 215
190, 216
190, 217
190, 218
190, 219
190, 220
190, 221
190, 222
190, 223
190, 224
190, 225
190, 226
190, 227
190, 228
190, 229
190, 230
190, 231
190, 232
190, 233
190, 234
190, 235
190, 236
190, 237
190, 238
190, 239
190, 240
190, 241
190, 242
190, 243
190, 244
190, 245
190, 246
190, 247
190, 248
190, 249
190, 250
190, 251
190, 300
190, 301
190, 302
190, 303
190, 597
190, 598
190, 599
190, 601
190, 602
190, 603
190, 608
190, 609
190, 610
190, 611
190, 612
190, 613
190, 614
190, 615
190, 640
190, 641
190, 642
190, 643
190, 644
190, 645
190, 646
191, 176
191, 177
191, 178
191, 179
191, 180
191, 181
191, 182
191, 183
191, 184
191, 185
191, 186
191, 187
191, 188
191, 189
191, 190
191, 191
191, 192
191, 193
191, 194
191, 195
191, 196
191, 197
191, 198
191, 199
191, 200
191, 201
191, 202
191, 203
191, 204
191, 205
191, 206
191, 207
191, 208
191, 209
191, 210
191, 211
191, 212
191, 213
191, 214
191, 215
191, 216
191, 217
191, 218
191, 219
191, 220
191, 221
191, 222
191, 223
191, 224
191, 225
191, 226
191, 227
191, 228
191, 229
191, 230
191, 231
191, 232
191, 233
191, 234
191, 235
191, 236
191, 237
191, 238
191, 239
191, 240
191, 241
191, 242
191, 243
191, 244
191, 245
191, 246
191, 247
191, 248
191, 249
191, 250
191, 251
191, 300
191, 301
191, 302
191, 303
191, 597
191, 598
191, 599
191, 601
191, 602
191, 603
191, 608
191, 609
191, 610
191, 611
191, 613
191, 614
191, 615
191, 640
191, 641
191, 642
191, 643
191, 646
192, 180
192, 181
192, 182
192, 183
192, 184
192, 185
192, 186
192, 187
192, 188
192, 189
192, 190
192, 191
192, 192
192, 193
192, 194
192, 195
192, 196
192, 197
192, 198
192, 199
192, 200
192, 201
192, 202
192, 203
192, 204
192, 205
192, 206
192, 207
192, 208
192, 209
192, 210
192, 211
192, 212
192, 213
192, 214
192, 215
192, 216
192, 217
192, 218
192, 219
192, 220
192, 221
192, 222
192, 223
192, 224
192, 225
192, 226
192, 227
192, 228
192, 229
192, 230
192, 231
192, 232
192, 233
192, 234
192, 235
192, 236
192, 237
192, 238
192, 239
192, 240
192, 241
192, 242
192, 243
192, 244
192, 245
192, 246
192, 247
192, 248
192, 249
192, 250
192, 251
192, 593
192, 594
192, 595
192, 596
192, 597
192, 598
192, 599
192, 604
192, 605
192, 608
192, 609
192, 610
192, 611
192, 618
192, 620
192, 621
192, 622
192, 623
193, 180
193, 181
193, 182
193, 183
193, 184
193, 185
193, 186
193, 187
193, 188
193, 189
193, 190
193, 191
193, 192
193, 193
193, 194
193, 195
193, 196
193, 197
193, 198
193, 199
193, 200
193, 201
193, 202
193, 203
193, 204
193, 205
193, 206
193, 207
193, 208
193, 209
193, 210
193, 211
193, 212
193, 213
193, 214
193, 215
193, 216
193, 217
193, 218
193, 219
193, 220
193, 221
193, 222
193, 223
193, 224
193, 225
193, 226
193, 227
193, 228
193, 229
193, 230
193, 231
193, 232
193, 233
193, 234
193, 235
193, 236
193, 237
193, 238
193, 239
193, 240
193, 241
193, 242
193, 243
193, 244
193, 245
193, 246
193, 247
193, 248
193, 249
193, 250
193, 251
193, 593
193, 594
193, 595
193, 596
193, 597
193, 598
193, 599
193, 604
193, 605
193, 606
193, 608
193, 609
193, 610
193, 611
193, 613
193, 614
193, 615
193, 616
193, 617
193, 618
193, 619
193, 620
193, 621
193, 622
193, 623
194, 180
194, 181
194, 182
194, 183
194, 184
194, 185
194, 186
194, 187
194, 188
194, 189
194, 190
194, 191
194, 192
194, 193
194, 194
194, 195
194, 196
194, 197
194, 198
194, 199
194, 200
194, 201
194, 202
194, 203
194, 204
194, 205
194, 206
194, 207
194, 208
194, 209
194, 210
194, 211
194, 212
194, 213
194, 214
194, 215
194, 216
194, 217
194, 218
194, 219
194, 220
194, 221
194, 222
194, 223
194, 224
194, 225
194, 226
194, 227
194, 228
194, 229
194, 230
194, 231
194, 232
194, 233
194, 234
194, 235
194, 236
194, 237
194, 238
194, 239
194, 240
194, 241
194, 242
194, 243
194, 244
194, 245
194, 246
194, 247
194, 248
194, 249
194, 250
194, 251
194, 593
194, 594
194, 595
194, 596
194, 597
194, 598
194, 599
194, 602
194, 603
194, 604
194, 605
194, 606
194, 608
194, 609
194, 610
194, 611
194, 613
194, 614
194, 615
194, 616
194, 617
194, 618
194, 619
194, 620
194, 621
194, 622
194, 623
194, 624
195, 180
195, 181
195, 182
195, 183
195, 184
195, 185
195, 186
195, 187
195, 188
195, 189
195, 190
195, 191
195, 192
195, 193
195, 194
195, 195
195, 196
195, 197
195, 198
195, 199
195, 200
195, 201
195, 202
195, 203
195, 204
195, 205
195, 206
195, 207
195, 208
195, 209
195, 210
195, 211
195, 212
195, 213
195, 214
195, 215
195, 216
195, 217
195, 218
195, 219
195, 220
195, 221
195, 222
195, 223
195, 224
195, 225
195, 226
195, 227
195, 228
195, 229
195, 230
195, 231
195, 232
195, 233
195, 234
195, 235
195, 236
195, 237
195, 238
195, 239
195, 240
195, 241
195, 242
195, 243
195, 244
195, 245
195, 246
195, 247
195, 248
195, 249
195, 250
195, 251
195, 596
195, 597
195, 598
195, 599
195, 602
195, 603
195, 604
195, 605
195, 606
195, 608
195, 609
195, 610
195, 611
195, 614
195, 615
195, 616
195, 617
195, 618
195, 619
195, 620
195, 621
195, 622
195, 623
195, 624
195, 625
196, 184
196, 185
196, 186
196, 187
196, 188
196, 189
196, 190
196, 191
196, 192
196, 193
196, 194
196, 195
196, 196
196, 197
196, 198
196, 199
196, 200
196, 201
196, 202
196, 203
196, 204
196, 205
196, 206
196, 207
196, 208
196, 209
196, 210
196, 211
196, 212
196, 213
196, 214
196, 215
196, 216
196, 217
196, 218
196, 219
196, 220
196, 221
196, 222
196, 223
196, 224
196, 225
196, 226
196, 227
196, 228
196, 229
196, 230
196, 231
196, 232
196, 233
196, 234
196, 235
196, 236
196, 237
196, 238
196, 239
196, 240
196, 241
196, 242
196, 243
196, 244
196, 245
196, 246
196, 247
196, 248
196, 249
196, 250
196, 251
196, 596
196, 597
196, 598
196, 599
196, 600
196, 601
196, 602
196, 603
196, 616
196, 617
196, 618
196, 619
196, 620
196, 621
197, 184
197, 185
197, 186
197, 187
197, 188
197, 189
197, 190
197, 191
197, 192
197, 193
197, 194
197, 195
197, 196
197, 197
197, 198
197, 199
197, 200
197, 201
197, 202
197, 203
197, 204
197, 205
197, 206
197, 207
197, 208
197, 209
197, 210
197, 211
197, 212
197, 213
197, 214
197, 215
197, 216
197, 217
197, 218
197, 219
197, 220
197, 221
197, 222
197, 223
197, 224
197, 225
197, 226
197, 227
197, 228
197, 229
197, 230
197, 231
197, 232
197, 233
197, 234
197, 235
197, 236
197, 237
197, 238
197, 239
197, 240
197, 241
197, 242
197, 243
197, 244
197, 245
197, 246
197, 247
197, 248
197, 249
197, 250
197, 251
197, 596
197, 597
197, 598
197, 599
197, 600
197, 601
197, 602
197, 603
197, 616
197, 617
197, 618
197, 619
197, 620
197, 621
198, 184
198, 185
198, 186
198, 187
198, 188
198, 189
198, 190
198, 191
198, 192
198, 193
198, 194
198, 195
198, 196
198, 197
198, 198
198, 199
198, 200
198, 201
198, 202
198, 203
198, 204
198, 205
198, 206
198, 207
198, 208
198, 209
198, 210
198, 211
198, 212
198, 213
198, 214
198, 215
198, 216
198, 217
198, 218
198, 219
198, 220
198, 221
198, 222
198, 223
198, 224
198, 225
198, 226
198, 227
198, 228
198, 229
198, 230
198, 231
198, 232
198, 233
198, 234
198, 235
198, 236
198, 237
198, 238
198, 239
198, 240
198, 241
198, 242
198, 243
198, 244
198, 245
198, 246
198, 247
198, 248
198, 249
198, 250
198, 251
198, 596
198, 597
198, 598
198, 599
198, 600
198, 601
198, 602
198, 603
198, 616
198, 617
198, 618
198, 619
198, 620
199, 184
199, 185
199, 186
199, 187
199, 188
199, 189
199, 190
199, 191
199, 192
199, 193
199, 194
199, 195
199, 196
199, 197
199, 198
199, 199
199, 200
199, 201
199, 202
199, 203
199, 204
199, 205
199, 206
199, 207
199, 208
199, 209
199, 210
199, 211
199, 212
199, 213
199, 214
199, 215
199, 216
199, 217
199, 218
199, 219
199, 220
199, 221
199, 222
199, 223
199, 224
199, 225
199, 226
199, 227
199, 228
199, 229
199, 230
199, 231
199, 232
199, 233
199, 234
199, 235
199, 236
199, 237
199, 238
199, 239
199, 240
199, 241
199, 242
199, 243
199, 244
199, 245
199, 246
199, 247
199, 248
199, 249
199, 250
199, 251
199, 596
199, 597
199, 598
199, 599
199, 600
199, 601
199, 602
199, 613
199, 614
199, 616
199, 617
199, 618
199, 619
199, 620
2, 10
2, 1
2, 2
2, 3
2, 4
2, 8
2, 9
20, 23
20, 24
20, 25
20, 26
20, 27
20, 28
20, 29
20, 30
20, 34
20, 35
20, 36
20, 37
20, 38
20, 39
20, 73
20, 74
20, 75
20, 76
20, 77
20, 78
200, 172
200, 173
200, 174
200, 175
200, 176
200, 177
200, 178
200, 179
200, 180
200, 181
200, 182
200, 183
200, 184
200, 185
200, 186
200, 187
200, 188
200, 189
200, 190
200, 191
200, 192
200, 193
200, 194
200, 195
200, 196
200, 197
200, 198
200, 199
200, 200
200, 201
200, 202
200, 203
200, 204
200, 205
200, 206
200, 207
200, 208
200, 209
200, 210
200, 211
200, 212
200, 213
200, 214
200, 215
200, 216
200, 217
200, 218
200, 219
200, 220
200, 221
200, 222
200, 223
200, 224
200, 225
200, 226
200, 227
200, 228
200, 229
200, 230
200, 231
200, 232
200, 233
200, 234
200, 235
200, 236
200, 237
200, 238
200, 239
200, 240
200, 241
200, 242
200, 243
200, 244
200, 245
200, 246
200, 247
200, 248
200, 249
200, 250
200, 251
200, 580
200, 581
200, 582
200, 583
200, 584
200, 585
200, 586
200, 587
200, 592
200, 593
200, 595
200, 596
200, 597
200, 598
200, 599
200, 600
200, 601
200, 609
200, 610
200, 611
200, 612
200, 613
200, 614
200, 615
200, 616
200, 617
200, 618
200, 619
201, 172
201, 173
201, 174
201, 175
201, 176
201, 177
201, 178
201, 179
201, 180
201, 181
201, 182
201, 183
201, 184
201, 185
201, 186
201, 187
201, 188
201, 189
201, 190
201, 191
201, 192
201, 193
201, 194
201, 195
201, 196
201, 197
201, 198
201, 199
201, 200
201, 201
201, 202
201, 203
201, 204
201, 205
201, 206
201, 207
201, 208
201, 209
201, 210
201, 211
201, 212
201, 213
201, 214
201, 215
201, 216
201, 217
201, 218
201, 219
201, 220
201, 221
201, 222
201, 223
201, 224
201, 225
201, 226
201, 227
201, 228
201, 229
201, 230
201, 231
201, 232
201, 233
201, 234
201, 235
201, 236
201, 237
201, 238
201, 239
201, 240
201, 241
201, 242
201, 243
201, 244
201, 245
201, 246
201, 247
201, 248
201, 249
201, 250
201, 251
201, 580
201, 581
201, 582
201, 583
201, 584
201, 585
201, 586
201, 587
201, 592
201, 593
201, 594
201, 595
201, 596
201, 597
201, 598
201, 599
201, 600
201, 601
201, 602
201, 608
201, 609
201, 610
201, 611
201, 612
201, 613
201, 614
201, 615
201, 616
201, 617
201, 618
201, 619
202, 172
202, 173
202, 174
202, 175
202, 176
202, 177
202, 178
202, 179
202, 180
202, 181
202, 182
202, 183
202, 184
202, 185
202, 186
202, 187
202, 188
202, 189
202, 190
202, 191
202, 192
202, 193
202, 194
202, 195
202, 196
202, 197
202, 198
202, 199
202, 200
202, 201
202, 202
202, 203
202, 204
202, 205
202, 206
202, 207
202, 208
202, 209
202, 210
202, 211
202, 212
202, 213
202, 214
202, 215
202, 216
202, 217
202, 218
202, 219
202, 220
202, 221
202, 222
202, 223
202, 224
202, 225
202, 226
202, 227
202, 228
202, 229
202, 230
202, 231
202, 232
202, 233
202, 234
202, 235
202, 236
202, 237
202, 238
202, 239
202, 240
202, 241
202, 242
202, 243
202, 244
202, 245
202, 246
202, 247
202, 248
202, 249
202, 250
202, 251
202, 580
202, 581
202, 582
202, 583
202, 584
202, 585
202, 586
202, 587
202, 593
202, 594
202, 595
202, 596
202, 597
202, 598
202, 599
202, 600
202, 601
202, 602
202, 603
202, 608
202, 609
202, 610
202, 611
202, 612
202, 613
202, 614
202, 615
202, 616
202, 617
202, 618
202, 619
203, 172
203, 173
203, 174
203, 175
203, 176
203, 177
203, 178
203, 179
203, 180
203, 181
203, 182
203, 183
203, 184
203, 185
203, 186
203, 187
203, 188
203, 189
203, 190
203, 191
203, 192
203, 193
203, 194
203, 195
203, 196
203, 197
203, 198
203, 199
203, 200
203, 201
203, 202
203, 203
203, 204
203, 205
203, 206
203, 207
203, 208
203, 209
203, 210
203, 211
203, 212
203, 213
203, 214
203, 215
203, 216
203, 217
203, 218
203, 219
203, 220
203, 221
203, 222
203, 223
203, 224
203, 225
203, 226
203, 227
203, 228
203, 229
203, 230
203, 231
203, 232
203, 233
203, 234
203, 235
203, 236
203, 237
203, 238
203, 239
203, 240
203, 241
203, 242
203, 243
203, 244
203, 245
203, 246
203, 247
203, 248
203, 249
203, 250
203, 251
203, 580
203, 581
203, 582
203, 583
203, 584
203, 585
203, 586
203, 587
203, 593
203, 594
203, 595
203, 597
203, 598
203, 599
203, 600
203, 601
203, 602
203, 603
203, 608
203, 609
203, 610
203, 611
203, 612
203, 613
203, 614
203, 615
203, 616
203, 617
203, 618
203, 619
204, 172
204, 173
204, 174
204, 175
204, 176
204, 177
204, 178
204, 179
204, 180
204, 181
204, 182
204, 183
204, 184
204, 185
204, 186
204, 187
204, 188
204, 189
204, 190
204, 191
204, 192
204, 193
204, 194
204, 195
204, 196
204, 197
204, 198
204, 199
204, 200
204, 201
204, 202
204, 203
204, 204
204, 205
204, 206
204, 207
204, 208
204, 209
204, 210
204, 211
204, 212
204, 213
204, 214
204, 215
204, 216
204, 217
204, 218
204, 219
204, 220
204, 221
204, 222
204, 223
204, 224
204, 225
204, 226
204, 227
204, 228
204, 229
204, 230
204, 231
204, 232
204, 233
204, 234
204, 235
204, 236
204, 237
204, 238
204, 239
204, 240
204, 241
204, 242
204, 243
204, 244
204, 245
204, 246
204, 247
204, 248
204, 249
204, 250
204, 251
204, 573
204, 574
204, 575
204, 584
204, 585
204, 586
204, 587
204, 588
204, 589
204, 590
204, 591
204, 600
204, 601
204, 602
204, 603
204, 616
204, 617
204, 618
204, 619
205, 172
205, 173
205, 174
205, 175
205, 176
205, 177
205, 178
205, 179
205, 180
205, 181
205, 182
205, 183
205, 184
205, 185
205, 186
205, 187
205, 188
205, 189
205, 190
205, 191
205, 192
205, 193
205, 194
205, 195
205, 196
205, 197
205, 198
205, 199
205, 200
205, 201
205, 202
205, 203
205, 204
205, 205
205, 206
205, 207
205, 208
205, 209
205, 210
205, 211
205, 212
205, 213
205, 214
205, 215
205, 216
205, 217
205, 218
205, 219
205, 220
205, 221
205, 222
205, 223
205, 224
205, 225
205, 226
205, 227
205, 228
205, 229
205, 230
205, 231
205, 232
205, 233
205, 234
205, 235
205, 236
205, 237
205, 238
205, 239
205, 240
205, 241
205, 242
205, 243
205, 244
205, 245
205, 246
205, 247
205, 248
205, 249
205, 250
205, 251
205, 573
205, 574
205, 575
205, 584
205, 585
205, 586
205, 587
205, 588
205, 589
205, 590
205, 591
205, 600
205, 601
205, 602
205, 616
205, 617
205, 618
205, 619
206, 172
206, 173
206, 174
206, 175
206, 176
206, 177
206, 178
206, 179
206, 180
206, 181
206, 182
206, 183
206, 184
206, 185
206, 186
206, 187
206, 188
206, 189
206, 190
206, 191
206, 192
206, 193
206, 194
206, 195
206, 196
206, 197
206, 198
206, 199
206, 200
206, 201
206, 202
206, 203
206, 204
206, 205
206, 206
206, 207
206, 208
206, 209
206, 210
206, 211
206, 212
206, 213
206, 214
206, 215
206, 216
206, 217
206, 218
206, 219
206, 220
206, 221
206, 222
206, 223
206, 224
206, 225
206, 226
206, 227
206, 228
206, 229
206, 230
206, 231
206, 232
206, 233
206, 234
206, 235
206, 236
206, 237
206, 238
206, 239
206, 240
206, 241
206, 242
206, 243
206, 244
206, 245
206, 246
206, 247
206, 248
206, 249
206, 250
206, 251
206, 573
206, 574
206, 575
206, 584
206, 585
206, 586
206, 587
206, 588
206, 589
206, 590
206, 591
206, 600
206, 601
206, 602
206, 603
207, 172
207, 173
207, 174
207, 175
207, 176
207, 177
207, 178
207, 179
207, 180
207, 181
207, 182
207, 183
207, 184
207, 185
207, 186
207, 187
207, 188
207, 189
207, 190
207, 191
207, 192
207, 193
207, 194
207, 195
207, 196
207, 197
207, 198
207, 199
207, 200
207, 201
207, 202
207, 203
207, 204
207, 205
207, 206
207, 207
207, 208
207, 209
207, 210
207, 211
207, 212
207, 213
207, 214
207, 215
207, 216
207, 217
207, 218
207, 219
207, 220
207, 221
207, 222
207, 223
207, 224
207, 225
207, 226
207, 227
207, 228
207, 229
207, 230
207, 231
207, 232
207, 233
207, 234
207, 235
207, 236
207, 237
207, 238
207, 239
207, 240
207, 241
207, 242
207, 243
207, 244
207, 245
207, 246
207, 247
207, 248
207, 249
207, 250
207, 251
207, 573
207, 574
207, 575
207, 584
207, 585
207, 586
207, 587
207, 588
207, 589
207, 590
207, 591
207, 600
207, 601
207, 602
207, 603
208, 180
208, 181
208, 182
208, 183
208, 184
208, 185
208, 186
208, 187
208, 188
208, 189
208, 190
208, 191
208, 192
208, 193
208, 194
208, 195
208, 196
208, 197
208, 198
208, 199
208, 200
208, 201
208, 202
208, 203
208, 204
208, 205
208, 206
208, 207
208, 208
208, 209
208, 210
208, 211
208, 212
208, 213
208, 214
208, 215
208, 216
208, 217
208, 218
208, 219
208, 220
208, 221
208, 222
208, 223
208, 224
208, 225
208, 226
208, 227
208, 228
208, 229
208, 230
208, 231
208, 232
208, 233
208, 234
208, 235
208, 236
208, 237
208, 238
208, 239
208, 240
208, 241
208, 242
208, 243
208, 244
208, 245
208, 246
208, 247
208, 248
208, 249
208, 250
208, 251
209, 180
209, 181
209, 182
209, 183
209, 184
209, 185
209, 186
209, 187
209, 188
209, 189
209, 190
209, 191
209, 192
209, 193
209, 194
209, 195
209, 196
209, 197
209, 198
209, 199
209, 200
209, 201
209, 202
209, 203
209, 204
209, 205
209, 206
209, 207
209, 208
209, 209
209, 210
209, 211
209, 212
209, 213
209, 214
209, 215
209, 216
209, 217
209, 218
209, 219
209, 220
209, 221
209, 222
209, 223
209, 224
209, 225
209, 226
209, 227
209, 228
209, 229
209, 230
209, 231
209, 232
209, 233
209, 234
209, 235
209, 236
209, 237
209, 238
209, 239
209, 240
209, 241
209, 242
209, 243
209, 244
209, 245
209, 246
209, 247
209, 248
209, 249
209, 250
209, 251
209, 609
209, 610
209, 613
209, 614
21, 21
21, 22
21, 23
21, 24
21, 25
21, 26
21, 27
21, 28
21, 29
21, 30
21, 34
21, 35
21, 36
21, 37
21, 38
21, 39
21, 71
21, 72
21, 73
21, 74
21, 75
21, 76
21, 77
21, 78
21, 79
210, 180
210, 181
210, 182
210, 183
210, 184
210, 185
210, 186
210, 187
210, 188
210, 189
210, 190
210, 191
210, 192
210, 193
210, 194
210, 195
210, 196
210, 197
210, 198
210, 199
210, 200
210, 201
210, 202
210, 203
210, 204
210, 205
210, 206
210, 207
210, 208
210, 209
210, 210
210, 211
210, 212
210, 213
210, 214
210, 215
210, 216
210, 217
210, 218
210, 219
210, 220
210, 221
210, 222
210, 223
210, 224
210, 225
210, 226
210, 227
210, 228
210, 229
210, 230
210, 231
210, 232
210, 233
210, 234
210, 235
210, 236
210, 237
210, 238
210, 239
210, 240
210, 241
210, 242
210, 243
210, 244
210, 245
210, 246
210, 247
210, 248
210, 249
210, 250
210, 251
210, 608
210, 609
210, 610
210, 612
210, 613
210, 614
211, 180
211, 181
211, 182
211, 183
211, 184
211, 185
211, 186
211, 187
211, 188
211, 189
211, 190
211, 191
211, 192
211, 193
211, 194
211, 195
211, 196
211, 197
211, 198
211, 199
211, 200
211, 201
211, 202
211, 203
211, 204
211, 205
211, 206
211, 207
211, 208
211, 209
211, 210
211, 211
211, 212
211, 213
211, 214
211, 215
211, 216
211, 217
211, 218
211, 219
211, 220
211, 221
211, 222
211, 223
211, 224
211, 225
211, 226
211, 227
211, 228
211, 229
211, 230
211, 231
211, 232
211, 233
211, 234
211, 235
211, 236
211, 237
211, 238
211, 239
211, 240
211, 241
211, 242
211, 243
211, 244
211, 245
211, 246
211, 247
211, 248
211, 249
211, 250
211, 251
211, 608
211, 609
211, 610
211, 611
211, 612
211, 613
211, 614
211, 615
212, 192
212, 193
212, 194
212, 195
212, 196
212, 197
212, 198
212, 199
212, 200
212, 201
212, 202
212, 203
212, 204
212, 205
212, 206
212, 207
212, 208
212, 209
212, 210
212, 211
212, 212
212, 213
212, 214
212, 215
212, 216
212, 217
212, 218
212, 219
212, 220
212, 221
212, 222
212, 223
212, 600
212, 601
212, 602
212, 603
212, 608
212, 609
212, 610
212, 611
212, 617
212, 618
212, 619
213, 192
213, 193
213, 194
213, 195
213, 196
213, 197
213, 198
213, 199
213, 200
213, 201
213, 202
213, 203
213, 204
213, 205
213, 206
213, 207
213, 208
213, 209
213, 210
213, 211
213, 212
213, 213
213, 214
213, 215
213, 216
213, 217
213, 218
213, 219
213, 220
213, 221
213, 222
213, 223
213, 600
213, 601
213, 602
213, 603
213, 608
213, 609
213, 610
213, 611
213, 617
213, 618
213, 619
214, 192
214, 193
214, 194
214, 195
214, 196
214, 197
214, 198
214, 199
214, 200
214, 201
214, 202
214, 203
214, 204
214, 205
214, 206
214, 207
214, 208
214, 209
214, 210
214, 211
214, 212
214, 213
214, 214
214, 215
214, 216
214, 217
214, 218
214, 219
214, 220
214, 221
214, 222
214, 223
214, 600
214, 601
214, 602
214, 603
214, 608
214, 609
214, 610
214, 611
214, 617
214, 618
215, 192
215, 193
215, 194
215, 195
215, 196
215, 197
215, 198
215, 199
215, 200
215, 201
215, 202
215, 203
215, 204
215, 205
215, 206
215, 207
215, 208
215, 209
215, 210
215, 211
215, 212
215, 213
215, 214
215, 215
215, 216
215, 217
215, 218
215, 219
215, 220
215, 221
215, 222
215, 223
215, 601
215, 602
215, 603
215, 608
215, 609
215, 610
215, 611
215, 616
215, 617
215, 618
216, 192
216, 193
216, 194
216, 195
216, 196
216, 197
216, 198
216, 199
216, 200
216, 201
216, 202
216, 203
216, 204
216, 205
216, 206
216, 207
216, 208
216, 209
216, 210
216, 211
216, 212
216, 213
216, 214
216, 215
216, 216
216, 217
216, 218
216, 219
216, 220
216, 221
216, 222
216, 223
216, 592
216, 593
216, 594
216, 595
216, 604
216, 605
216, 606
216, 607
216, 612
216, 613
216, 614
216, 615
216, 620
216, 621
216, 622
217, 192
217, 193
217, 194
217, 195
217, 196
217, 197
217, 198
217, 199
217, 200
217, 201
217, 202
217, 203
217, 204
217, 205
217, 206
217, 207
217, 208
217, 209
217, 210
217, 211
217, 212
217, 213
217, 214
217, 215
217, 216
217, 217
217, 218
217, 219
217, 220
217, 221
217, 222
217, 223
217, 592
217, 593
217, 594
217, 595
217, 604
217, 605
217, 606
217, 607
217, 612
217, 613
217, 614
217, 615
217, 620
217, 621
217, 622
218, 192
218, 193
218, 194
218, 195
218, 196
218, 197
218, 198
218, 199
218, 200
218, 201
218, 202
218, 203
218, 204
218, 205
218, 206
218, 207
218, 208
218, 209
218, 210
218, 211
218, 212
218, 213
218, 214
218, 215
218, 216
218, 217
218, 218
218, 219
218, 220
218, 221
218, 222
218, 223
218, 592
218, 593
218, 594
218, 595
218, 604
218, 605
218, 606
218, 607
218, 612
218, 613
218, 614
218, 615
218, 620
218, 621
218, 622
218, 623
219, 192
219, 193
219, 194
219, 195
219, 196
219, 197
219, 198
219, 199
219, 200
219, 201
219, 202
219, 203
219, 204
219, 205
219, 206
219, 207
219, 208
219, 209
219, 210
219, 211
219, 212
219, 213
219, 214
219, 215
219, 216
219, 217
219, 218
219, 219
219, 220
219, 221
219, 222
219, 223
219, 592
219, 593
219, 594
219, 595
219, 604
219, 605
219, 606
219, 607
219, 612
219, 613
219, 614
219, 615
219, 620
219, 621
219, 622
219, 623
22, 21
22, 22
22, 23
22, 24
22, 25
22, 26
22, 27
22, 28
22, 29
22, 31
22, 35
22, 36
22, 37
22, 38
22, 72
22, 73
22, 74
22, 75
22, 76
22, 77
22, 78
22, 79
220, 204
220, 205
220, 206
220, 207
220, 212
220, 213
220, 214
220, 215
220, 216
220, 217
220, 218
220, 219
220, 220
220, 221
220, 222
220, 223
220, 604
220, 605
220, 606
220, 607
220, 616
220, 617
220, 618
220, 619
220, 620
220, 621
220, 622
220, 623
221, 204
221, 205
221, 206
221, 207
221, 212
221, 213
221, 214
221, 215
221, 216
221, 217
221, 218
221, 219
221, 220
221, 221
221, 222
221, 223
221, 604
221, 605
221, 606
221, 607
221, 616
221, 617
221, 618
221, 619
221, 620
221, 621
221, 622
221, 623
222, 204
222, 205
222, 206
222, 207
222, 212
222, 213
222, 214
222, 215
222, 216
222, 217
222, 218
222, 219
222, 220
222, 221
222, 222
222, 223
222, 604
222, 605
222, 606
222, 607
222, 616
222, 617
222, 618
222, 619
222, 620
222, 621
222, 622
222, 623
223, 204
223, 205
223, 206
223, 207
223, 212
223, 213
223, 214
223, 215
223, 216
223, 217
223, 218
223, 219
223, 220
223, 221
223, 222
223, 223
223, 604
223, 605
223, 606
223, 607
223, 616
223, 617
223, 618
223, 619
223, 620
223, 621
223, 622
223, 623
224, 216
224, 217
224, 218
224, 219
224, 220
224, 221
224, 222
224, 223
225, 216
225, 217
225, 218
225, 219
225, 220
225, 221
225, 222
225, 223
226, 216
226, 217
226, 218
226, 219
226, 220
226, 221
226, 222
226, 223
227, 216
227, 217
227, 218
227, 219
227, 220
227, 221
227, 222
227, 223
228, 216
228, 217
228, 218
228, 219
228, 220
228, 221
228, 222
228, 223
229, 216
229, 217
229, 218
229, 219
229, 220
229, 221
229, 222
229, 223
229, 617
229, 618
229, 619
23, 22
23, 23
23, 24
23, 25
23, 26
23, 27
23, 28
23, 29
23, 30
23, 31
23, 37
23, 74
23, 75
23, 76
23, 80
230, 216
230, 217
230, 218
230, 219
230, 220
230, 221
230, 222
230, 223
230, 617
230, 618
230, 619
231, 216
231, 217
231, 218
231, 219
231, 220
231, 221
231, 222
231, 223
236, 220
236, 221
236, 222
236, 223
237, 220
237, 221
237, 222
237, 223
238, 220
238, 221
238, 222
238, 223
239, 220
239, 221
239, 222
239, 223
24, 22
24, 23
24, 24
24, 25
24, 26
24, 27
24, 28
24, 29
24, 30
24, 31
24, 74
24, 75
24, 76
24, 77
24, 78
25, 21
25, 22
25, 23
25, 24
25, 25
25, 26
25, 27
25, 28
25, 29
25, 30
25, 31
25, 71
25, 72
25, 73
25, 74
25, 75
25, 76
25, 77
26, 22
26, 23
26, 24
26, 25
26, 26
26, 27
26, 28
26, 29
26, 30
26, 31
26, 75
26, 76
26, 77
27, 24
27, 25
27, 26
27, 27
27, 74
27, 75
27, 76
27, 77
28, 27
28, 77
29, 27
29, 75
3, 2
3, 3
3, 8
3, 9
30, 75
31, 70
31, 73
31, 74
31, 75
32, 49
32, 50
32, 70
32, 77
33, 48
33, 49
33, 50
33, 51
33, 71
33, 72
33, 73
33, 75
34, 48
34, 49
34, 50
34, 51
34, 71
34, 75
34, 77
35, 20
35, 48
35, 49
35, 50
35, 51
35, 52
35, 73
35, 74
35, 75
36, 149
36, 150
36, 153
36, 154
36, 47
36, 48
36, 49
36, 50
36, 51
36, 52
36, 53
36, 54
36, 71
36, 77
37, 147
37, 148
37, 149
37, 150
37, 151
37, 153
37, 154
37, 47
37, 48
37, 49
37, 50
37, 51
37, 52
37, 53
37, 54
37, 55
37, 68
37, 69
37, 73
37, 75
37, 77
38, 146
38, 147
38, 150
38, 151
38, 152
38, 154
38, 46
38, 47
38, 48
38, 49
38, 50
38, 51
38, 52
38, 53
38, 54
38, 55
38, 56
38, 57
38, 58
38, 59
38, 60
38, 61
38, 69
38, 71
38, 75
39, 147
39, 149
39, 150
39, 151
39, 152
39, 153
39, 154
39, 155
39, 156
39, 46
39, 47
39, 48
39, 49
39, 50
39, 51
39, 52
39, 53
39, 54
39, 55
39, 56
39, 57
39, 58
39, 59
39, 60
39, 61
39, 71
39, 72
39, 73
39, 74
39, 75
39, 77
4, 18
4, 19
4, 2
4, 5
4, 6
4, 7
4, 8
4, 9
40, 147
40, 148
40, 149
40, 150
40, 151
40, 152
40, 153
40, 154
40, 46
40, 47
40, 48
40, 49
40, 50
40, 51
40, 52
40, 53
40, 54
40, 55
40, 56
40, 57
40, 58
40, 59
40, 60
40, 61
40, 69
40, 70
40, 71
40, 72
40, 73
40, 74
40, 75
40, 77
41, 146
41, 148
41, 149
41, 151
41, 152
41, 153
41, 154
41, 156
41, 157
41, 46
41, 47
41, 48
41, 49
41, 50
41, 51
41, 52
41, 53
41, 54
41, 55
41, 56
41, 57
41, 58
41, 59
41, 60
41, 61
41, 70
41, 71
41, 72
41, 73
41, 74
41, 75
41, 79
42, 142
42, 143
42, 147
42, 148
42, 149
42, 150
42, 151
42, 152
42, 153
42, 154
42, 156
42, 42
42, 43
42, 44
42, 45
42, 46
42, 47
42, 48
42, 49
42, 50
42, 51
42, 52
42, 53
42, 54
42, 55
42, 56
42, 57
42, 58
42, 59
42, 60
42, 69
42, 70
42, 71
42, 72
42, 73
42, 74
42, 75
42, 76
42, 79
43, 142
43, 143
43, 145
43, 146
43, 148
43, 149
43, 150
43, 153
43, 156
43, 157
43, 158
43, 159
43, 42
43, 43
43, 44
43, 45
43, 46
43, 47
43, 48
43, 49
43, 50
43, 51
43, 52
43, 53
43, 54
43, 55
43, 56
43, 57
43, 58
43, 59
43, 60
43, 69
43, 70
43, 71
43, 72
43, 73
43, 74
43, 75
43, 77
44, 148
44, 149
44, 150
44, 152
44, 153
44, 154
44, 155
44, 157
44, 158
44, 159
44, 42
44, 43
44, 44
44, 45
44, 46
44, 47
44, 48
44, 49
44, 50
44, 51
44, 52
44, 53
44, 54
44, 55
44, 56
44, 57
44, 58
44, 59
44, 72
44, 73
44, 74
44, 75
44, 77
45, 145
45, 146
45, 148
45, 150
45, 151
45, 152
45, 153
45, 154
45, 155
45, 156
45, 157
45, 158
45, 159
45, 42
45, 43
45, 44
45, 45
45, 46
45, 47
45, 48
45, 49
45, 50
45, 51
45, 52
45, 53
45, 54
45, 55
45, 56
45, 57
45, 58
45, 59
45, 62
45, 71
45, 73
45, 74
45, 75
45, 77
46, 149
46, 150
46, 152
46, 153
46, 161
46, 44
46, 45
46, 46
46, 47
46, 48
46, 49
46, 50
46, 51
46, 52
46, 53
46, 54
46, 55
46, 56
46, 57
46, 58
46, 59
46, 60
46, 61
46, 62
47, 149
47, 150
47, 152
47, 153
47, 160
47, 161
47, 44
47, 45
47, 46
47, 47
47, 48
47, 49
47, 50
47, 51
47, 52
47, 53
47, 54
47, 55
47, 56
47, 57
47, 58
47, 59
47, 60
47, 61
47, 62
47, 75
48, 148
48, 149
48, 150
48, 151
48, 152
48, 153
48, 154
48, 155
48, 156
48, 45
48, 46
48, 47
48, 48
48, 49
48, 50
48, 51
48, 52
48, 53
48, 54
48, 55
48, 56
48, 57
48, 58
48, 59
48, 60
48, 61
48, 62
49, 149
49, 150
49, 153
49, 154
49, 155
49, 46
49, 47
49, 48
49, 49
49, 50
49, 51
49, 52
49, 53
49, 54
49, 55
49, 56
49, 57
49, 58
49, 59
49, 60
49, 61
49, 62
5, 17
5, 18
5, 19
5, 20
5, 5
5, 6
5, 7
5, 8
5, 9
50, 145
50, 146
50, 148
50, 149
50, 150
50, 152
50, 153
50, 154
50, 43
50, 44
50, 45
50, 46
50, 47
50, 48
50, 49
50, 50
50, 51
50, 52
50, 53
50, 54
50, 55
50, 56
50, 57
50, 58
50, 59
50, 60
50, 61
50, 62
51, 143
51, 146
51, 147
51, 150
51, 154
51, 43
51, 44
51, 45
51, 46
51, 47
51, 48
51, 49
51, 50
51, 51
51, 52
51, 53
51, 54
51, 55
51, 56
51, 57
51, 58
51, 59
51, 60
51, 61
51, 62
52, 152
52, 153
52, 45
52, 46
52, 47
52, 48
52, 49
52, 50
52, 51
52, 52
52, 53
52, 54
52, 55
52, 56
52, 57
52, 58
52, 59
52, 60
52, 61
52, 62
53, 150
53, 152
53, 154
53, 48
53, 49
53, 50
53, 51
53, 52
53, 53
53, 54
53, 55
54, 148
54, 151
54, 153
54, 155
54, 48
54, 49
54, 50
54, 51
54, 52
54, 53
54, 54
54, 55
55, 151
55, 154
55, 155
55, 51
55, 53
55, 54
55, 55
56, 54
56, 55
57, 154
57, 54
57, 55
58, 150
58, 151
59, 150
59, 151
59, 55
6, 17
6, 18
6, 19
6, 5
6, 6
6, 7
60, 150
60, 151
61, 150
61, 151
62, 140
62, 141
62, 146
62, 147
62, 148
62, 150
62, 151
63, 140
63, 141
63, 146
63, 147
63, 148
63, 150
63, 151
64, 100
64, 101
64, 154
64, 155
64, 98
64, 99
65, 100
65, 101
65, 141
65, 154
65, 155
65, 98
65, 99
66, 100
66, 101
66, 102
66, 103
66, 142
66, 143
66, 144
66, 145
66, 146
66, 147
66, 150
66, 151
66, 96
66, 97
66, 98
66, 99
67, 100
67, 101
67, 102
67, 103
67, 142
67, 143
67, 144
67, 145
67, 146
67, 147
67, 150
67, 151
67, 96
67, 97
67, 98
67, 99
68, 100
68, 101
68, 102
68, 103
68, 143
68, 150
68, 151
68, 154
68, 155
68, 96
68, 97
68, 98
68, 99
69, 100
69, 101
69, 102
69, 103
69, 150
69, 151
69, 154
69, 155
69, 96
69, 97
69, 98
69, 99
7, 17
7, 18
7, 19
7, 6
70, 100
70, 101
70, 102
70, 103
70, 104
70, 105
70, 146
70, 147
70, 148
70, 150
70, 151
70, 40
70, 41
70, 96
70, 97
70, 98
70, 99
71, 100
71, 101
71, 102
71, 103
71, 104
71, 105
71, 146
71, 147
71, 148
71, 150
71, 151
71, 40
71, 41
71, 96
71, 97
71, 98
71, 99
72, 100
72, 101
72, 102
72, 103
72, 104
72, 105
72, 106
72, 107
72, 108
72, 109
72, 142
72, 143
72, 154
72, 155
72, 299
72, 300
72, 301
72, 306
72, 307
72, 308
72, 309
72, 94
72, 95
72, 96
72, 97
72, 98
72, 99
73, 100
73, 101
73, 102
73, 103
73, 104
73, 105
73, 106
73, 107
73, 108
73, 109
73, 142
73, 143
73, 154
73, 155
73, 299
73, 300
73, 301
73, 306
73, 307
73, 308
73, 309
73, 94
73, 95
73, 96
73, 97
73, 98
73, 99
74, 100
74, 101
74, 102
74, 103
74, 104
74, 105
74, 106
74, 107
74, 108
74, 109
74, 110
74, 111
74, 136
74, 137
74, 138
74, 139
74, 146
74, 147
74, 150
74, 151
74, 154
74, 155
74, 294
74, 295
74, 296
74, 297
74, 298
74, 299
74, 300
74, 301
74, 302
74, 303
74, 306
74, 307
74, 308
74, 309
74, 94
74, 95
74, 96
74, 97
74, 98
74, 99
75, 100
75, 101
75, 102
75, 103
75, 104
75, 105
75, 106
75, 107
75, 108
75, 109
75, 110
75, 111
75, 136
75, 137
75, 138
75, 139
75, 146
75, 147
75, 150
75, 151
75, 154
75, 155
75, 294
75, 295
75, 296
75, 297
75, 299
75, 300
75, 301
75, 302
75, 303
75, 306
75, 307
75, 308
75, 309
75, 94
75, 95
75, 96
75, 97
75, 98
75, 99
76, 100
76, 101
76, 102
76, 103
76, 104
76, 105
76, 106
76, 107
76, 108
76, 109
76, 110
76, 111
76, 112
76, 113
76, 114
76, 115
76, 116
76, 117
76, 118
76, 119
76, 120
76, 121
76, 122
76, 123
76, 138
76, 139
76, 142
76, 143
76, 150
76, 151
76, 292
76, 293
76, 294
76, 295
76, 300
76, 301
76, 302
76, 303
76, 304
76, 308
76, 309
76, 92
76, 93
76, 94
76, 95
76, 96
76, 97
76, 98
76, 99
77, 100
77, 101
77, 102
77, 103
77, 104
77, 105
77, 106
77, 107
77, 108
77, 109
77, 110
77, 111
77, 112
77, 113
77, 114
77, 115
77, 116
77, 117
77, 118
77, 119
77, 120
77, 121
77, 122
77, 123
77, 138
77, 139
77, 142
77, 143
77, 150
77, 151
77, 292
77, 293
77, 294
77, 295
77, 300
77, 301
77, 302
77, 303
77, 308
77, 309
77, 92
77, 93
77, 94
77, 95
77, 96
77, 97
77, 98
77, 99
78, 100
78, 101
78, 102
78, 103
78, 104
78, 105
78, 106
78, 107
78, 108
78, 109
78, 110
78, 111
78, 112
78, 113
78, 114
78, 115
78, 116
78, 117
78, 118
78, 119
78, 120
78, 121
78, 122
78, 123
78, 142
78, 143
78, 144
78, 145
78, 146
78, 147
78, 148
78, 149
78, 150
78, 151
78, 154
78, 155
78, 294
78, 295
78, 298
78, 299
78, 301
78, 302
78, 303
78, 307
78, 312
78, 313
78, 92
78, 93
78, 94
78, 95
78, 96
78, 97
78, 98
78, 99
79, 100
79, 101
79, 102
79, 103
79, 104
79, 105
79, 106
79, 107
79, 108
79, 109
79, 110
79, 111
79, 112
79, 113
79, 114
79, 115
79, 116
79, 117
79, 118
79, 119
79, 120
79, 121
79, 122
79, 123
79, 142
79, 143
79, 144
79, 145
79, 147
79, 148
79, 149
79, 150
79, 151
79, 154
79, 155
79, 294
79, 295
79, 298
79, 299
79, 300
79, 301
79, 302
79, 303
79, 304
79, 306
79, 307
79, 309
79, 310
79, 311
79, 312
79, 313
79, 92
79, 93
79, 94
79, 95
79, 96
79, 97
79, 98
79, 99
8, 12
8, 13
8, 17
8, 18
8, 19
8, 5
80, 100
80, 101
80, 102
80, 103
80, 104
80, 105
80, 106
80, 107
80, 108
80, 109
80, 110
80, 111
80, 112
80, 113
80, 114
80, 115
80, 116
80, 117
80, 118
80, 119
80, 120
80, 121
80, 122
80, 123
80, 138
80, 139
80, 140
80, 141
80, 142
80, 143
80, 145
80, 146
80, 147
80, 148
80, 149
80, 150
80, 151
80, 154
80, 155
80, 294
80, 295
80, 296
80, 297
80, 298
80, 299
80, 300
80, 301
80, 302
80, 303
80, 304
80, 305
80, 306
80, 307
80, 308
80, 309
80, 92
80, 93
80, 94
80, 95
80, 96
80, 97
80, 98
80, 99
81, 100
81, 101
81, 102
81, 103
81, 104
81, 105
81, 106
81, 107
81, 108
81, 109
81, 110
81, 111
81, 112
81, 113
81, 114
81, 115
81, 116
81, 117
81, 118
81, 119
81, 120
81, 121
81, 122
81, 123
81, 138
81, 139
81, 140
81, 141
81, 142
81, 143
81, 145
81, 146
81, 147
81, 148
81, 149
81, 150
81, 151
81, 154
81, 155
81, 294
81, 295
81, 296
81, 297
81, 298
81, 299
81, 300
81, 301
81, 302
81, 303
81, 304
81, 306
81, 307
81, 308
81, 309
81, 92
81, 93
81, 94
81, 95
81, 96
81, 97
81, 98
81, 99
82, 100
82, 101
82, 102
82, 103
82, 104
82, 105
82, 106
82, 107
82, 108
82, 109
82, 110
82, 111
82, 112
82, 113
82, 114
82, 115
82, 116
82, 117
82, 118
82, 119
82, 120
82, 121
82, 122
82, 123
82, 140
82, 141
82, 142
82, 143
82, 144
82, 145
82, 146
82, 147
82, 148
82, 149
82, 150
82, 151
82, 158
82, 159
82, 292
82, 293
82, 296
82, 297
82, 298
82, 299
82, 302
82, 303
82, 304
82, 305
82, 306
82, 307
82, 308
82, 309
82, 312
82, 313
82, 314
82, 315
82, 92
82, 93
82, 94
82, 95
82, 96
82, 97
82, 98
82, 99
83, 100
83, 101
83, 102
83, 103
83, 104
83, 105
83, 106
83, 107
83, 108
83, 109
83, 110
83, 111
83, 112
83, 113
83, 114
83, 115
83, 116
83, 117
83, 118
83, 119
83, 120
83, 121
83, 122
83, 123
83, 140
83, 141
83, 142
83, 143
83, 144
83, 145
83, 146
83, 147
83, 148
83, 149
83, 150
83, 151
83, 158
83, 159
83, 292
83, 293
83, 296
83, 297
83, 298
83, 299
83, 302
83, 303
83, 305
83, 306
83, 307
83, 308
83, 309
83, 312
83, 313
83, 314
83, 315
83, 92
83, 93
83, 94
83, 95
83, 96
83, 97
83, 98
83, 99
84, 100
84, 101
84, 102
84, 103
84, 104
84, 105
84, 106
84, 107
84, 108
84, 109
84, 110
84, 111
84, 112
84, 113
84, 114
84, 115
84, 116
84, 117
84, 118
84, 119
84, 120
84, 121
84, 138
84, 139
84, 140
84, 141
84, 142
84, 143
84, 144
84, 145
84, 146
84, 147
84, 148
84, 149
84, 150
84, 151
84, 152
84, 153
84, 158
84, 159
84, 284
84, 285
84, 286
84, 287
84, 294
84, 295
84, 296
84, 297
84, 298
84, 299
84, 300
84, 301
84, 302
84, 303
84, 304
84, 305
84, 306
84, 307
84, 308
84, 309
84, 312
84, 313
84, 84
84, 85
84, 86
84, 87
84, 88
84, 89
84, 90
84, 91
84, 92
84, 93
84, 94
84, 95
84, 96
84, 97
84, 98
84, 99
85, 100
85, 101
85, 102
85, 103
85, 104
85, 105
85, 106
85, 107
85, 108
85, 109
85, 110
85, 111
85, 112
85, 113
85, 114
85, 115
85, 116
85, 117
85, 118
85, 119
85, 120
85, 121
85, 138
85, 139
85, 140
85, 141
85, 142
85, 143
85, 144
85, 145
85, 146
85, 147
85, 148
85, 149
85, 150
85, 151
85, 152
85, 153
85, 158
85, 159
85, 284
85, 285
85, 286
85, 287
85, 294
85, 295
85, 296
85, 297
85, 298
85, 299
85, 300
85, 301
85, 302
85, 303
85, 304
85, 305
85, 306
85, 307
85, 308
85, 309
85, 312
85, 313
85, 84
85, 85
85, 86
85, 87
85, 88
85, 89
85, 90
85, 91
85, 92
85, 93
85, 94
85, 95
85, 96
85, 97
85, 98
85, 99
86, 100
86, 101
86, 102
86, 103
86, 104
86, 105
86, 106
86, 107
86, 108
86, 109
86, 110
86, 111
86, 112
86, 113
86, 114
86, 115
86, 116
86, 117
86, 118
86, 119
86, 120
86, 121
86, 138
86, 139
86, 140
86, 141
86, 142
86, 143
86, 144
86, 145
86, 146
86, 147
86, 148
86, 149
86, 150
86, 151
86, 154
86, 155
86, 284
86, 285
86, 286
86, 287
86, 290
86, 291
86, 292
86, 293
86, 296
86, 297
86, 298
86, 299
86, 300
86, 301
86, 307
86, 312
86, 313
86, 314
86, 315
86, 316
86, 317
86, 318
86, 319
86, 84
86, 85
86, 86
86, 87
86, 88
86, 89
86, 90
86, 91
86, 92
86, 93
86, 94
86, 95
86, 96
86, 97
86, 98
86, 99
87, 100
87, 101
87, 102
87, 103
87, 104
87, 105
87, 106
87, 107
87, 108
87, 109
87, 110
87, 111
87, 112
87, 113
87, 114
87, 115
87, 116
87, 117
87, 118
87, 119
87, 120
87, 121
87, 138
87, 139
87, 140
87, 141
87, 142
87, 143
87, 144
87, 145
87, 146
87, 147
87, 148
87, 149
87, 150
87, 151
87, 154
87, 155
87, 284
87, 285
87, 286
87, 287
87, 290
87, 291
87, 296
87, 297
87, 298
87, 299
87, 300
87, 301
87, 306
87, 307
87, 312
87, 313
87, 314
87, 315
87, 316
87, 317
87, 318
87, 319
87, 84
87, 85
87, 86
87, 87
87, 88
87, 89
87, 90
87, 91
87, 92
87, 93
87, 94
87, 95
87, 96
87, 97
87, 98
87, 99
88, 100
88, 101
88, 102
88, 103
88, 104
88, 105
88, 106
88, 107
88, 108
88, 109
88, 110
88, 111
88, 112
88, 113
88, 114
88, 115
88, 116
88, 117
88, 118
88, 119
88, 144
88, 145
88, 146
88, 147
88, 148
88, 149
88, 150
88, 151
88, 154
88, 155
88, 296
88, 297
88, 298
88, 299
88, 300
88, 301
88, 304
88, 305
88, 306
88, 307
88, 308
88, 309
88, 310
88, 311
88, 314
88, 315
88, 316
88, 317
88, 318
88, 319
88, 84
88, 85
88, 86
88, 87
88, 88
88, 89
88, 90
88, 91
88, 92
88, 93
88, 94
88, 95
88, 96
88, 97
88, 98
88, 99
89, 100
89, 101
89, 102
89, 103
89, 104
89, 105
89, 106
89, 107
89, 108
89, 109
89, 110
89, 111
89, 112
89, 113
89, 114
89, 115
89, 116
89, 117
89, 118
89, 119
89, 144
89, 145
89, 146
89, 147
89, 148
89, 149
89, 150
89, 151
89, 154
89, 155
89, 296
89, 297
89, 298
89, 299
89, 300
89, 301
89, 304
89, 305
89, 306
89, 307
89, 308
89, 309
89, 310
89, 311
89, 314
89, 315
89, 316
89, 317
89, 318
89, 319
89, 84
89, 85
89, 86
89, 87
89, 88
89, 89
89, 90
89, 91
89, 92
89, 93
89, 94
89, 95
89, 96
89, 97
89, 98
89, 99
9, 11
9, 12
9, 13
9, 14
9, 15
9, 17
9, 18
9, 19
9, 36
9, 37
9, 38
9, 39
90, 100
90, 101
90, 102
90, 103
90, 104
90, 105
90, 106
90, 107
90, 108
90, 109
90, 110
90, 111
90, 112
90, 113
90, 114
90, 115
90, 116
90, 117
90, 118
90, 119
90, 124
90, 125
90, 142
90, 143
90, 146
90, 147
90, 148
90, 149
90, 150
90, 151
90, 154
90, 155
90, 290
90, 291
90, 292
90, 293
90, 296
90, 297
90, 302
90, 303
90, 304
90, 305
90, 306
90, 307
90, 308
90, 309
90, 310
90, 311
90, 313
90, 314
90, 315
90, 316
90, 317
90, 318
90, 319
90, 84
90, 85
90, 86
90, 87
90, 88
90, 89
90, 90
90, 91
90, 92
90, 93
90, 94
90, 95
90, 96
90, 97
90, 98
90, 99
91, 100
91, 101
91, 102
91, 103
91, 104
91, 105
91, 106
91, 107
91, 108
91, 109
91, 110
91, 111
91, 112
91, 113
91, 114
91, 115
91, 116
91, 117
91, 118
91, 119
91, 124
91, 125
91, 142
91, 143
91, 146
91, 147
91, 148
91, 149
91, 150
91, 151
91, 154
91, 155
91, 290
91, 291
91, 292
91, 296
91, 297
91, 300
91, 301
91, 302
91, 303
91, 304
91, 305
91, 306
91, 307
91, 308
91, 309
91, 313
91, 315
91, 317
91, 318
91, 319
91, 84
91, 85
91, 86
91, 87
91, 88
91, 89
91, 90
91, 91
91, 92
91, 93
91, 94
91, 95
91, 96
91, 97
91, 98
91, 99
92, 100
92, 101
92, 102
92, 103
92, 104
92, 105
92, 106
92, 107
92, 108
92, 109
92, 110
92, 111
92, 112
92, 113
92, 114
92, 115
92, 116
92, 117
92, 118
92, 119
92, 120
92, 121
92, 122
92, 123
92, 124
92, 125
92, 304
92, 305
92, 306
92, 88
92, 89
92, 90
92, 91
92, 92
92, 93
92, 94
92, 95
92, 96
92, 97
92, 98
92, 99
93, 100
93, 101
93, 102
93, 103
93, 104
93, 105
93, 106
93, 107
93, 108
93, 109
93, 110
93, 111
93, 112
93, 113
93, 114
93, 115
93, 116
93, 117
93, 118
93, 119
93, 120
93, 121
93, 122
93, 123
93, 124
93, 125
93, 298
93, 299
93, 300
93, 305
93, 306
93, 307
93, 323
93, 88
93, 89
93, 90
93, 91
93, 92
93, 93
93, 94
93, 95
93, 96
93, 97
93, 98
93, 99
94, 100
94, 101
94, 102
94, 103
94, 104
94, 105
94, 106
94, 107
94, 108
94, 109
94, 110
94, 111
94, 112
94, 113
94, 114
94, 115
94, 116
94, 117
94, 118
94, 119
94, 120
94, 121
94, 122
94, 123
94, 124
94, 125
94, 150
94, 151
94, 298
94, 299
94, 300
94, 301
94, 304
94, 305
94, 306
94, 307
94, 320
94, 322
94, 323
94, 88
94, 89
94, 90
94, 91
94, 92
94, 93
94, 94
94, 95
94, 96
94, 97
94, 98
94, 99
95, 100
95, 101
95, 102
95, 103
95, 104
95, 105
95, 106
95, 107
95, 108
95, 109
95, 110
95, 111
95, 112
95, 113
95, 114
95, 115
95, 116
95, 117
95, 118
95, 119
95, 120
95, 121
95, 122
95, 123
95, 124
95, 125
95, 150
95, 151
95, 298
95, 299
95, 300
95, 301
95, 304
95, 305
95, 306
95, 307
95, 320
95, 321
95, 322
95, 323
95, 88
95, 89
95, 90
95, 91
95, 92
95, 93
95, 94
95, 95
95, 96
95, 97
95, 98
95, 99
96, 100
96, 101
96, 102
96, 103
96, 104
96, 105
96, 106
96, 107
96, 108
96, 109
96, 110
96, 111
96, 112
96, 113
96, 114
96, 115
96, 116
96, 117
96, 118
96, 119
96, 120
96, 121
96, 122
96, 123
96, 124
96, 125
96, 296
96, 297
96, 298
96, 299
96, 302
96, 303
96, 304
96, 305
96, 306
96, 307
96, 308
96, 309
96, 310
96, 311
96, 90
96, 91
96, 92
96, 93
96, 94
96, 95
96, 96
96, 97
96, 98
96, 99
97, 100
97, 101
97, 102
97, 103
97, 104
97, 105
97, 106
97, 107
97, 108
97, 109
97, 110
97, 111
97, 112
97, 113
97, 114
97, 115
97, 116
97, 117
97, 118
97, 119
97, 120
97, 121
97, 122
97, 123
97, 124
97, 125
97, 296
97, 297
97, 298
97, 299
97, 301
97, 302
97, 303
97, 304
97, 305
97, 306
97, 307
97, 308
97, 309
97, 310
97, 311
97, 312
97, 90
97, 91
97, 92
97, 93
97, 94
97, 95
97, 96
97, 97
97, 98
97, 99
98, 100
98, 101
98, 102
98, 103
98, 104
98, 105
98, 106
98, 107
98, 108
98, 109
98, 110
98, 111
98, 112
98, 113
98, 114
98, 115
98, 116
98, 117
98, 118
98, 119
98, 120
98, 121
98, 122
98, 123
98, 124
98, 125
98, 298
98, 299
98, 300
98, 301
98, 308
98, 309
98, 310
98, 92
98, 93
98, 94
98, 95
98, 96
98, 97
98, 98
98, 99
99, 100
99, 101
99, 102
99, 103
99, 104
99, 105
99, 106
99, 107
99, 108
99, 109
99, 110
99, 111
99, 112
99, 113
99, 114
99, 115
99, 116
99, 117
99, 118
99, 119
99, 120
99, 121
99, 122
99, 123
99, 124
99, 125
99, 298
99, 299
99, 300
99, 301
99, 306
99, 307
99, 308
99, 309
99, 310
99, 92
99, 93
99, 94
99, 95
99, 96
99, 97
99, 98
99, 99